順位,登場回数,登場率,文字番号組,文字組
0,55752,0.048988,32 1,e空白
1,37839,0.033248,46 1,s空白
2,33297,0.029257,47 1,t空白
3,22917,0.020137,1 31,空白d
4,21472,0.018867,1 39,空白l
5,18812,0.016530,32 46,es
6,18022,0.015835,39 32,le
7,17753,0.015599,28 36,ai
8,17044,0.014976,32 41,en
9,15681,0.013778,1 43,空白p
10,14916,0.013106,31 32,de
11,14716,0.012931,41 47,nt
12,14343,0.012603,45 32,re
13,13919,0.012230,42 48,ou
14,13571,0.011924,1 46,空白s
15,12870,0.011309,36 47,it
16,12454,0.010943,1 30,空白c
17,12374,0.010873,41 1,n空白
18,12027,0.010568,28 1,a空白
19,12007,0.010550,45 1,r空白
20,11853,0.010415,1 32,空白e
21,11123,0.009773,42 41,on
22,10418,0.009154,28 41,an
23,9958,0.008750,39 28,la
24,9858,0.008662,44 48,qu
25,9782,0.008595,1 28,空白a
26,9577,0.008415,48 45,ur
27,9164,0.008052,47 32,te
28,9154,0.008043,32 45,er
29,8838,0.007766,1 40,空白m
30,8623,0.007577,32 47,et
31,8303,0.007296,36 46,is
32,8004,0.007033,41 32,ne
33,7665,0.006735,36 32,ie
34,7598,0.006676,46 32,se
35,7406,0.006507,1 44,空白q
36,7291,0.006406,36 39,il
37,7241,0.006362,40 32,me
38,7187,0.006315,36 41,in
39,7031,0.006178,36 1,i空白
40,6695,0.005883,1 47,空白t
41,6645,0.005839,28 45,ar
42,6534,0.005741,32 48,eu
43,6527,0.005735,39 39,ll
44,6402,0.005625,1 49,空白v
45,6302,0.005537,48 46,us
46,6152,0.005406,39 1,l空白
47,5994,0.005267,43 28,pa
48,5891,0.005176,45 28,ra
49,5816,0.005110,48 1,u空白
50,5813,0.005108,48 36,ui
51,5803,0.005099,48 32,ue
52,5783,0.005081,28 48,au
53,5751,0.005053,30 42,co
54,5742,0.005045,1 33,空白f
55,5425,0.004767,1 45,空白r
56,5420,0.004762,41 46,ns
57,5384,0.004731,48 41,un
58,5097,0.004479,1 41,空白n
59,5082,0.004465,47 28,ta
60,5002,0.004395,30 32,ce
61,4992,0.004386,42 36,oi
62,4972,0.004369,47 45,tr
63,4798,0.004216,32 39,el
64,4574,0.004019,48 47,ut
65,4529,0.003980,46 28,sa
66,4471,0.003929,49 28,va
67,4453,0.003913,49 32,ve
68,4440,0.003901,41 31,nd
69,4432,0.003894,40 28,ma
70,4429,0.003892,30 35,ch
71,4318,0.003794,28 49,av
72,4307,0.003784,45 36,ri
73,4208,0.003697,1 29,空白b
74,4183,0.003675,86 1,à空白
75,4166,0.003661,1 36,空白i
76,4102,0.003604,43 42,po
77,4042,0.003552,36 45,ir
78,4037,0.003547,46 46,ss
79,4025,0.003537,32 40,em
80,3981,0.003498,28 46,as
81,3969,0.003487,46 42,so
82,3725,0.003273,1 48,空白u
83,3708,0.003258,42 45,or
84,3701,0.003252,1 0,空白改行
85,3579,0.003145,120 28,’a
86,3559,0.003127,45 42,ro
87,3555,0.003124,42 40,om
88,3538,0.003109,47 36,ti
89,3536,0.003107,1 37,空白j
90,3422,0.003007,49 42,vo
91,3338,0.002933,95 1,é空白
92,3335,0.002930,1 86,空白à
93,3291,0.002892,43 45,pr
94,3150,0.002768,31 28,da
95,3131,0.002751,39 120,l’
96,3123,0.002744,39 36,li
97,3106,0.002729,43 32,pe
98,3069,0.002697,47 42,to
99,3064,0.002692,39 48,lu
100,3016,0.002650,95 47,ét
101,2967,0.002607,51 1,x空白
102,2894,0.002543,46 36,si
103,2831,0.002488,31 36,di
104,2770,0.002434,46 47,st
105,2696,0.002369,40 42,mo
106,2686,0.002360,45 46,rs
107,2665,0.002342,1 95,空白é
108,2628,0.002309,40 40,mm
109,2612,0.002295,48 51,ux
110,2592,0.002278,45 47,rt
111,2568,0.002256,120 32,’e
112,2559,0.002249,35 32,he
113,2558,0.002248,43 39,pl
114,2504,0.002200,41 30,nc
115,2434,0.002139,46 48,su
116,2397,0.002106,49 36,vi
117,2379,0.002090,40 36,mi
118,2372,0.002084,34 32,ge
119,2363,0.002076,28 39,al
120,2347,0.002062,31 120,d’
121,2329,0.002046,28 47,at
122,2315,0.002034,1 34,空白g
123,2308,0.002028,41 28,na
124,2247,0.001974,35 28,ha
125,2166,0.001903,33 28,fa
126,2129,0.001871,48 120,u’
127,2089,0.001836,39 42,lo
128,2070,0.001819,31 48,du
129,2025,0.001779,42 39,ol
130,2021,0.001776,45 95,ré
131,2008,0.001764,47 47,tt
132,2000,0.001757,95 32,ée
133,1968,0.001729,41 34,ng
134,1957,0.001720,94 45,èr
135,1936,0.001701,1 42,空白o
136,1905,0.001674,36 34,ig
137,1784,0.001568,40 43,mp
138,1771,0.001556,37 32,je
139,1761,0.001547,45 45,rr
140,1746,0.001534,1 35,空白h
141,1741,0.001530,48 49,uv
142,1735,0.001524,28 30,ac
143,1714,0.001506,28 40,am
144,1697,0.001491,28 34,ag
145,1695,0.001489,48 39,ul
146,1693,0.001488,1 13,空白L
147,1677,0.001474,47 95,té
148,1676,0.001473,41 41,nn
149,1645,0.001445,31 95,dé
150,1645,0.001445,53 1,z空白
151,1635,0.001437,32 53,ez
152,1628,0.001430,31 1,d空白
153,1626,0.001429,1 5,空白D
154,1605,0.001410,30 28,ca
155,1568,0.001378,32 28,ea
156,1555,0.001366,10 39,Il
157,1515,0.001331,28 52,ay
158,1513,0.001329,41 36,ni
159,1500,0.001318,28 29,ab
160,1500,0.001318,45 31,rd
161,1475,0.001296,36 42,io
162,1466,0.001288,32 30,ec
163,1462,0.001285,31 42,do
164,1460,0.001283,28 43,ap
165,1418,0.001246,120 36,’i
166,1407,0.001236,41 42,no
167,1404,0.001234,48 28,ua
168,1393,0.001224,33 36,fi
169,1386,0.001218,32 49,ev
170,1373,0.001206,29 39,bl
171,1358,0.001193,33 42,fo
172,1352,0.001188,30 36,ci
173,1333,0.001171,29 28,ba
174,1333,0.001171,41 120,n’
175,1314,0.001155,47 46,ts
176,1303,0.001145,29 42,bo
177,1298,0.001141,29 32,be
178,1294,0.001137,1 10,空白I
179,1292,0.001135,120 95,’é
180,1276,0.001121,46 120,s’
181,1254,0.001102,34 45,gr
182,1250,0.001098,30 1,c空白
183,1245,0.001094,35 42,ho
184,1228,0.001079,95 46,és
185,1227,0.001078,42 46,os
186,1204,0.001058,34 28,ga
187,1187,0.001043,36 40,im
188,1174,0.001032,47 48,tu
189,1171,0.001029,37 42,jo
190,1148,0.001009,1 4,空白C
191,1137,0.000999,31 45,dr
192,1123,0.000987,29 36,bi
193,1123,0.000987,96 47,êt
194,1112,0.000977,32 36,ei
195,1109,0.000974,29 45,br
196,1091,0.000959,1 6,空白E
197,1074,0.000944,39 46,ls
198,1058,0.000930,36 49,iv
199,1055,0.000927,34 41,gn
200,1035,0.000909,95 30,éc
201,1035,0.000909,95 43,ép
202,1004,0.000882,120 48,’u
203,988,0.000868,33 32,fe
204,977,0.000858,5 28,Da
205,971,0.000853,45 30,rc
206,968,0.000851,36 94,iè
207,956,0.000840,13 32,Le
208,955,0.000839,1 14,空白M
209,930,0.000817,40 29,mb
210,903,0.000793,43 36,pi
211,894,0.000786,1 8,空白G
212,893,0.000785,41 48,nu
213,887,0.000779,30 45,cr
214,873,0.000767,52 1,y空白
215,864,0.000759,35 1,h空白
216,860,0.000756,35 47,ht
217,857,0.000753,34 35,gh
218,849,0.000746,52 39,yl
219,843,0.000741,34 42,go
220,842,0.000740,46 95,sé
221,836,0.000735,42 47,ot
222,828,0.000728,45 41,rn
223,816,0.000717,41 95,né
224,815,0.000716,33 33,ff
225,814,0.000715,45 40,rm
226,797,0.000700,43 35,ph
227,793,0.000697,14 28,Ma
228,791,0.000695,1 11,空白J
229,791,0.000695,45 94,rè
230,791,0.000695,120 42,’o
231,788,0.000692,36 31,id
232,775,0.000681,48 43,up
233,774,0.000680,43 43,pp
234,768,0.000675,36 30,ic
235,763,0.000670,34 48,gu
236,760,0.000668,48 30,uc
237,756,0.000664,45 48,ru
238,706,0.000620,30 48,cu
239,703,0.000618,49 45,vr
240,698,0.000613,95 45,ér
241,696,0.000612,94 46,ès
242,690,0.000606,43 48,pu
243,689,0.000605,1 20,空白S
244,677,0.000595,1 3,空白B
245,677,0.000595,11 32,Je
246,676,0.000594,39 95,lé
247,675,0.000593,1 17,空白P
248,672,0.000590,6 39,El
249,667,0.000586,32 43,ep
250,641,0.000563,1 52,空白y
251,620,0.000545,33 48,fu
252,619,0.000544,40 96,mê
253,618,0.000543,96 40,êm
254,602,0.000529,42 29,ob
255,601,0.000528,39 43,lp
256,601,0.000528,45 34,rg
257,596,0.000524,42 30,oc
258,594,0.000522,33 45,fr
259,579,0.000509,8 36,Gi
260,572,0.000503,36 28,ia
261,570,0.000501,46 44,sq
262,565,0.000496,28 31,ad
263,544,0.000478,13 28,La
264,541,0.000475,35 36,hi
265,538,0.000473,52 32,ye
266,531,0.000467,30 39,cl
267,516,0.000453,32 51,ex
268,506,0.000445,52 28,ya
269,504,0.000443,32 34,eg
270,501,0.000440,48 40,um
271,499,0.000438,1 21,空白T
272,498,0.000438,6 47,Et
273,495,0.000435,43 46,ps
274,492,0.000432,48 31,ud
275,488,0.000429,32 31,ed
276,485,0.000426,39 86,là
277,481,0.000423,42 52,oy
278,475,0.000417,43 1,p空白
279,467,0.000410,46 43,sp
280,464,0.000408,42 43,op
281,462,0.000406,30 47,ct
282,458,0.000402,33 39,fl
283,456,0.000401,120 35,’h
284,453,0.000398,93 28,ça
285,452,0.000397,4 32,Ce
286,452,0.000397,40 95,mé
287,452,0.000397,46 30,sc
288,451,0.000396,41 33,nf
289,448,0.000394,36 44,iq
290,440,0.000387,5 32,De
291,439,0.000386,106 47,ôt
292,438,0.000385,1 23,空白V
293,435,0.000382,40 48,mu
294,432,0.000380,36 51,ix
295,425,0.000373,0 13,改行L
296,424,0.000373,18 48,Qu
297,418,0.000367,37 48,ju
298,416,0.000366,43 95,pé
299,414,0.000364,23 42,Vo
300,414,0.000364,111 1,ù空白
301,413,0.000363,0 6,改行E
302,404,0.000355,30 120,c’
303,399,0.000351,36 33,if
304,398,0.000350,4 120,C’
305,391,0.000344,1 2,空白A
306,390,0.000343,42 111,où
307,388,0.000341,37 28,ja
308,378,0.000332,32 33,ef
309,367,0.000322,40 94,mè
310,358,0.000315,0 10,改行I
311,357,0.000314,27 28,Za
312,353,0.000310,36 29,ib
313,348,0.000306,34 39,gl
314,347,0.000305,41 44,nq
315,347,0.000305,45 96,rê
316,343,0.000301,49 95,vé
317,342,0.000301,30 30,cc
318,341,0.000300,37 120,j’
319,341,0.000300,41 49,nv
320,340,0.000299,3 42,Bo
321,340,0.000299,95 41,én
322,337,0.000296,0 4,改行C
323,336,0.000295,28 33,af
324,335,0.000294,1 27,空白Z
325,328,0.000288,22 41,Un
326,328,0.000288,95 39,él
327,322,0.000283,28 100,aî
328,319,0.000280,31 46,ds
329,318,0.000279,34 95,gé
330,318,0.000279,35 95,hé
331,315,0.000277,42 34,og
332,308,0.000271,1 96,空白ê
333,308,0.000271,45 39,rl
334,307,0.000270,1 15,空白N
335,306,0.000269,1 16,空白O
336,306,0.000269,43 47,pt
337,306,0.000269,48 33,uf
338,306,0.000269,48 95,ué
339,304,0.000267,21 42,To
340,300,0.000264,29 48,bu
341,300,0.000264,36 95,ié
342,299,0.000263,45 49,rv
343,296,0.000260,17 42,Po
344,296,0.000260,95 34,ég
345,290,0.000255,34 1,g空白
346,289,0.000254,34 36,gi
347,287,0.000252,45 29,rb
348,286,0.000251,30 95,cé
349,284,0.000250,1 18,空白Q
350,283,0.000249,39 44,lq
351,280,0.000246,0 11,改行J
352,277,0.000243,1 9,空白H
353,276,0.000243,52 42,yo
354,272,0.000239,48 34,ug
355,271,0.000238,13 42,Lo
356,265,0.000233,41 93,nç
357,263,0.000231,45 44,rq
358,258,0.000227,15 42,No
359,257,0.000226,95 40,ém
360,246,0.000216,95 49,év
361,242,0.000213,28 44,aq
362,241,0.000212,40 120,m’
363,237,0.000208,113 47,ût
364,234,0.000206,16 41,On
365,233,0.000205,4 42,Co
366,233,0.000205,95 31,éd
367,230,0.000202,0 5,改行D
368,230,0.000202,120 52,’y
369,229,0.000201,20 28,Sa
370,229,0.000201,88 47,ât
371,223,0.000196,30 106,cô
372,223,0.000196,34 47,gt
373,223,0.000196,35 48,hu
374,223,0.000196,48 29,ub
375,222,0.000195,8 28,Ga
376,222,0.000195,39 94,lè
377,218,0.000192,119 48,œu
378,216,0.000190,47 96,tê
379,216,0.000190,49 48,vu
380,216,0.000190,95 33,éf
381,215,0.000189,48 37,uj
382,212,0.000186,1 7,空白F
383,211,0.000185,33 1,f空白
384,211,0.000185,100 47,ît
385,208,0.000183,1 22,空白U
386,206,0.000181,45 43,rp
387,202,0.000177,1 19,空白R
388,202,0.000177,6 41,En
389,200,0.000176,0 14,改行M
390,196,0.000172,17 28,Pa
391,193,0.000170,43 96,pê
392,185,0.000163,13 120,L’
393,185,0.000163,95 37,éj
394,185,0.000163,100 41,în
395,185,0.000163,120 86,’à
396,183,0.000161,11 120,J’
397,182,0.000160,33 95,fé
398,182,0.000160,51 43,xp
399,176,0.000155,2 39,Al
400,171,0.000150,54 1,À空白
401,167,0.000147,36 43,ip
402,167,0.000147,96 30,êc
403,163,0.000143,0 17,改行P
404,161,0.000141,47 106,tô
405,160,0.000141,0 23,改行V
406,160,0.000141,40 1,m空白
407,158,0.000139,42 33,of
408,158,0.000139,48 42,uo
409,154,0.000135,1 12,空白K
410,152,0.000134,3 32,Be
411,152,0.000134,52 46,ys
412,152,0.000134,95 29,éb
413,147,0.000129,39 47,lt
414,146,0.000128,0 2,改行A
415,144,0.000127,37 86,jà
416,144,0.000127,93 42,ço
417,142,0.000125,43 94,pè
418,142,0.000125,94 47,èt
419,141,0.000124,0 18,改行Q
420,141,0.000124,1 93,空白ç
421,140,0.000123,2 48,Au
422,139,0.000122,30 119,cœ
423,137,0.000120,20 36,Si
424,136,0.000119,21 48,Tu
425,135,0.000119,14 42,Mo
426,135,0.000119,47 94,tè
427,134,0.000118,42 31,od
428,133,0.000117,113 45,ûr
429,132,0.000116,42 1,o空白
430,131,0.000115,4 35,Ch
431,131,0.000115,47 35,th
432,130,0.000114,45 93,rç
433,129,0.000113,9 28,Ha
434,127,0.000112,4 28,Ca
435,126,0.000111,0 20,改行S
436,126,0.000111,20 32,Se
437,126,0.000111,29 95,bé
438,125,0.000110,94 49,èv
439,125,0.000110,95 28,éa
440,124,0.000109,0 15,改行N
441,124,0.000109,5 42,Do
442,123,0.000108,120 2,’A
443,121,0.000106,51 47,xt
444,119,0.000105,29 46,bs
445,118,0.000104,0 16,改行O
446,118,0.000104,0 21,改行T
447,118,0.000104,38 32,ke
448,117,0.000103,29 1,b空白
449,117,0.000103,52 95,yé
450,115,0.000101,17 32,Pe
451,114,0.000100,30 46,cs
452,113,0.000099,20 42,So
453,113,0.000099,88 30,âc
454,112,0.000098,94 30,èc
455,111,0.000098,38 1,k空白
456,110,0.000097,1 54,空白À
457,109,0.000096,14 36,Mi
458,107,0.000094,5 36,Di
459,106,0.000093,0 22,改行U
460,104,0.000091,42 44,oq
461,104,0.000091,46 113,sû
462,103,0.000091,120 16,’O
463,102,0.000090,44 1,q空白
464,101,0.000089,28 93,aç
465,100,0.000088,48 52,uy
466,100,0.000088,53 32,ze
467,98,0.000086,45 33,rf
468,97,0.000085,1 24,空白W
469,97,0.000085,35 94,hè
470,97,0.000085,42 49,ov
471,96,0.000084,41 45,nr
472,96,0.000084,95 44,éq
473,95,0.000083,11 28,Ja
474,95,0.000083,120 96,’ê
475,94,0.000083,28 37,aj
476,92,0.000081,28 35,ah
477,92,0.000081,30 38,ck
478,91,0.000080,48 94,uè
479,90,0.000079,41 53,nz
480,89,0.000078,53 28,za
481,88,0.000077,51 36,xi
482,87,0.000076,47 52,ty
483,86,0.000076,7 45,Fr
484,86,0.000076,42 42,oo
485,86,0.000076,51 28,xa
486,85,0.000075,9 32,He
487,85,0.000075,41 96,nê
488,84,0.000074,16 48,Ou
489,83,0.000073,6 35,Eh
490,83,0.000073,46 94,sè
491,79,0.000069,17 48,Pu
492,79,0.000069,50 28,wa
493,79,0.000069,93 48,çu
494,78,0.000069,19 32,Re
495,78,0.000069,20 48,Su
496,78,0.000069,32 52,ey
497,75,0.000066,1 26,空白Y
498,75,0.000066,29 88,bâ
499,75,0.000066,31 94,dè
500,75,0.000066,42 113,oû
501,74,0.000065,11 42,Jo
502,73,0.000064,0 8,改行G
503,73,0.000064,30 44,cq
504,73,0.000064,32 113,eû
505,72,0.000063,15 32,Ne
506,72,0.000063,19 42,Ro
507,72,0.000063,46 35,sh
508,71,0.000062,32 35,eh
509,71,0.000062,41 35,nh
510,70,0.000062,42 50,ow
511,69,0.000061,50 46,ws
512,69,0.000061,96 39,êl
513,68,0.000060,5 120,D’
514,67,0.000059,38 42,ko
515,66,0.000058,32 29,eb
516,66,0.000058,35 52,hy
517,66,0.000058,36 53,iz
518,65,0.000057,13 48,Lu
519,65,0.000057,41 39,nl
520,64,0.000056,1 63,空白É
521,64,0.000056,36 35,ih
522,64,0.000056,120 63,’É
523,63,0.000055,23 36,Vi
524,63,0.000055,34 94,gè
525,62,0.000054,39 31,ld
526,62,0.000054,51 32,xe
527,62,0.000054,63 44,Éq
528,61,0.000054,0 54,改行À
529,61,0.000054,1 88,空白â
530,61,0.000054,48 38,uk
531,60,0.000053,17 39,Pl
532,59,0.000052,6 1,E空白
533,59,0.000052,8 45,Gr
534,59,0.000052,10 41,In
535,59,0.000052,24 28,Wa
536,59,0.000052,31 40,dm
537,59,0.000052,36 37,ij
538,58,0.000051,2 41,An
539,58,0.000051,19 36,Ri
540,58,0.000051,26 48,Yu
541,58,0.000051,45 38,rk
542,57,0.000050,35 88,hâ
543,57,0.000050,49 94,vè
544,56,0.000049,6 46,Es
545,56,0.000049,12 39,Kl
546,56,0.000049,43 88,pâ
547,56,0.000049,88 39,âl
548,55,0.000048,3 48,Bu
549,55,0.000048,12 28,Ka
550,55,0.000048,46 38,sk
551,55,0.000048,48 53,uz
552,55,0.000048,94 40,èm
553,54,0.000047,2 49,Av
554,54,0.000047,51 30,xc
555,53,0.000047,3 28,Ba
556,53,0.000047,3 36,Bi
557,53,0.000047,34 34,gg
558,53,0.000047,34 46,gs
559,53,0.000047,39 30,lc
560,53,0.000047,49 96,vê
561,53,0.000047,120 6,’E
562,52,0.000046,9 42,Ho
563,52,0.000046,32 32,ee
564,52,0.000046,33 113,fû
565,51,0.000045,7 42,Fo
566,51,0.000045,23 28,Va
567,51,0.000045,41 94,nè
568,50,0.000044,41 37,nj
569,50,0.000044,47 120,t’
570,50,0.000044,61 28,Ça
571,50,0.000044,88 40,âm
572,49,0.000043,16 31,Od
573,48,0.000042,4 36,Ci
574,48,0.000042,8 48,Gu
575,48,0.000042,32 50,ew
576,48,0.000042,36 38,ik
577,47,0.000041,63 30,Éc
578,47,0.000041,96 41,ên
579,46,0.000040,53 42,zo
580,45,0.000040,12 32,Ke
581,45,0.000040,13 36,Li
582,45,0.000040,28 38,ak
583,45,0.000040,39 35,lh
584,45,0.000040,94 41,èn
585,45,0.000040,106 39,ôl
586,44,0.000039,2 43,Ap
587,44,0.000039,23 32,Ve
588,44,0.000039,42 37,oj
589,44,0.000039,95 48,éu
590,43,0.000038,0 3,改行B
591,43,0.000038,4 9,CH
592,43,0.000038,9 2,HA
593,43,0.000038,10 21,IT
594,43,0.000038,19 6,RE
595,43,0.000038,20 47,St
596,43,0.000038,33 46,fs
597,43,0.000038,39 34,lg
598,43,0.000038,39 40,lm
599,43,0.000038,94 34,èg
600,42,0.000037,2 17,AP
601,42,0.000037,14 1,M空白
602,42,0.000037,21 32,Te
603,42,0.000037,21 36,Ti
604,42,0.000037,21 45,Tr
605,42,0.000037,29 96,bê
606,42,0.000037,42 38,ok
607,42,0.000037,120 119,’œ
608,41,0.000036,32 93,eç
609,41,0.000036,38 39,kl
610,41,0.000036,39 88,lâ
611,41,0.000036,45 88,râ
612,40,0.000035,16 28,Oa
613,40,0.000035,17 10,PI
614,40,0.000035,21 19,TR
615,39,0.000034,1 61,空白Ç
616,39,0.000034,30 94,cè
617,39,0.000034,119 36,œi
618,38,0.000033,10 10,II
619,38,0.000033,35 106,hô
620,38,0.000033,47 88,tâ
621,37,0.000033,17 36,Pi
622,36,0.000032,0 0,改行改行
623,36,0.000032,2 45,Ar
624,36,0.000032,14 32,Me
625,36,0.000032,17 45,Pr
626,36,0.000032,32 42,eo
627,36,0.000032,47 39,tl
628,36,0.000032,96 49,êv
629,36,0.000032,120 10,’I
630,35,0.000031,0 19,改行R
631,35,0.000031,5 95,Dé
632,35,0.000031,10 0,I改行
633,35,0.000031,15 28,Na
634,35,0.000031,15 120,N’
635,35,0.000031,21 28,Ta
636,35,0.000031,38 28,ka
637,34,0.000030,3 45,Br
638,34,0.000030,5 45,Dr
639,34,0.000030,38 36,ki
640,34,0.000030,88 34,âg
641,33,0.000029,1 50,空白w
642,33,0.000029,39 52,ly
643,33,0.000029,46 40,sm
644,33,0.000029,94 39,èl
645,33,0.000029,120 88,’â
646,32,0.000028,4 45,Cr
647,32,0.000028,40 46,ms
648,32,0.000028,45 106,rô
649,31,0.000027,2 36,Ai
650,31,0.000027,34 40,gm
651,31,0.000027,95 42,éo
652,30,0.000026,28 53,az
653,29,0.000025,35 45,hr
654,29,0.000025,39 38,lk
655,29,0.000025,45 52,ry
656,29,0.000025,46 52,sy
657,28,0.000025,16 35,Oh
658,28,0.000025,28 50,aw
659,28,0.000025,32 37,ej
660,28,0.000025,38 47,kt
661,28,0.000025,40 50,mw
662,28,0.000025,40 88,mâ
663,28,0.000025,41 52,ny
664,28,0.000025,46 33,sf
665,28,0.000025,63 47,Ét
666,27,0.000024,8 42,Go
667,27,0.000024,33 96,fê
668,27,0.000024,45 113,rû
669,26,0.000023,7 28,Fa
670,26,0.000023,11 48,Ju
671,26,0.000023,40 41,mn
672,26,0.000023,42 100,oî
673,26,0.000023,50 36,wi
674,26,0.000023,95 36,éi
675,25,0.000022,1 25,空白X
676,25,0.000022,7 32,Fe
677,25,0.000022,39 33,lf
678,25,0.000022,50 1,w空白
679,24,0.000021,0 63,改行É
680,24,0.000021,2 35,Ah
681,24,0.000021,16 111,Où
682,23,0.000020,0 27,改行Z
683,23,0.000020,1 119,空白œ
684,23,0.000020,5 94,Dè
685,23,0.000020,31 100,dî
686,23,0.000020,32 44,eq
687,23,0.000020,42 32,oe
688,23,0.000020,42 95,oé
689,23,0.000020,52 43,yp
690,23,0.000020,113 39,ûl
691,23,0.000020,120 9,’H
692,22,0.000019,0 7,改行F
693,22,0.000019,2 46,As
694,22,0.000019,5 48,Du
695,22,0.000019,7 36,Fi
696,22,0.000019,9 36,Hi
697,22,0.000019,38 52,ky
698,22,0.000019,42 35,oh
699,22,0.000019,43 113,pû
700,22,0.000019,53 48,zu
701,22,0.000019,94 29,èb
702,21,0.000018,0 9,改行H
703,21,0.000018,2 47,At
704,21,0.000018,6 40,Em
705,21,0.000018,16 45,Or
706,21,0.000018,29 47,bt
707,21,0.000018,31 113,dû
708,21,0.000018,34 88,gâ
709,21,0.000018,42 97,oë
710,21,0.000018,46 39,sl
711,20,0.000018,3 39,Bl
712,20,0.000018,20 120,S’
713,20,0.000018,29 37,bj
714,20,0.000018,33 94,fè
715,20,0.000018,50 35,wh
716,20,0.000018,94 31,èd
717,20,0.000018,113 1,û空白
718,19,0.000017,10 30,Ic
719,19,0.000017,20 113,Sû
720,19,0.000017,23 10,VI
721,19,0.000017,28 42,ao
722,19,0.000017,35 96,hê
723,19,0.000017,43 106,pô
724,19,0.000017,46 119,sœ
725,19,0.000017,48 44,uq
726,19,0.000017,50 42,wo
727,18,0.000016,8 39,Gl
728,18,0.000016,25 10,XI
729,18,0.000016,41 119,nœ
730,18,0.000016,45 35,rh
731,18,0.000016,48 96,uê
732,18,0.000016,51 95,xé
733,18,0.000016,97 39,ël
734,17,0.000015,13 86,Là
735,17,0.000015,15 36,Ni
736,17,0.000015,19 28,Ra
737,17,0.000015,24 42,Wo
738,17,0.000015,41 38,nk
739,17,0.000015,120 22,’U
740,16,0.000014,0 61,改行Ç
741,16,0.000014,5 52,Dy
742,16,0.000014,10 1,I空白
743,16,0.000014,16 39,Ol
744,16,0.000014,95 53,éz
745,15,0.000013,2 1,A空白
746,15,0.000013,16 43,Op
747,15,0.000013,24 36,Wi
748,15,0.000013,32 38,ek
749,15,0.000013,35 41,hn
750,15,0.000013,43 29,pb
751,15,0.000013,52 41,yn
752,14,0.000012,9 48,Hu
753,14,0.000012,13 95,Lé
754,14,0.000012,14 96,Mê
755,14,0.000012,46 50,sw
756,14,0.000012,52 94,yè
757,14,0.000012,100 39,îl
758,14,0.000012,120 1,’空白
759,13,0.000011,10 45,Ir
760,13,0.000011,13 2,LA
761,13,0.000011,34 96,gê
762,13,0.000011,40 52,my
763,13,0.000011,41 40,nm
764,13,0.000011,42 96,oê
765,13,0.000011,50 32,we
766,13,0.000011,88 43,âp
767,13,0.000011,100 30,îc
768,12,0.000011,5 6,DE
769,12,0.000011,20 39,Sl
770,12,0.000011,23 0,V改行
771,12,0.000011,25 23,XV
772,12,0.000011,26 42,Yo
773,12,0.000011,28 101,aï
774,12,0.000011,33 88,fâ
775,12,0.000011,39 49,lv
776,12,0.000011,47 50,tw
777,12,0.000011,48 35,uh
778,12,0.000011,53 95,zé
779,12,0.000011,93 86,çà
780,11,0.000010,1 53,空白z
781,11,0.000010,2 52,Ay
782,11,0.000010,7 39,Fl
783,11,0.000010,38 48,ku
784,11,0.000010,47 53,tz
785,11,0.000010,113 30,ûc
786,10,0.000009,0 25,改行X
787,10,0.000009,1 100,空白î
788,10,0.000009,2 29,Ab
789,10,0.000009,2 40,Am
790,10,0.000009,4 48,Cu
791,10,0.000009,6 51,Ex
792,10,0.000009,9 95,Hé
793,10,0.000009,11 36,Ji
794,10,0.000009,13 6,LE
795,10,0.000009,20 35,Sh
796,10,0.000009,25 25,XX
797,10,0.000009,29 113,bû
798,10,0.000009,42 101,oï
799,10,0.000009,52 45,yr
800,9,0.000008,0 12,改行K
801,9,0.000008,8 32,Ge
802,9,0.000008,10 46,Is
803,9,0.000008,25 0,X改行
804,9,0.000008,28 51,ax
805,9,0.000008,29 94,bè
806,9,0.000008,33 47,ft
807,9,0.000008,35 46,hs
808,9,0.000008,35 119,hœ
809,9,0.000008,40 113,mû
810,9,0.000008,41 51,nx
811,9,0.000008,49 100,vî
812,9,0.000008,88 29,âb
813,9,0.000008,88 41,ân
814,9,0.000008,94 44,èq
815,9,0.000008,120 40,’m
816,8,0.000007,2 31,Ad
817,8,0.000007,6 0,E改行
818,8,0.000007,6 13,EL
819,8,0.000007,14 6,ME
820,8,0.000007,16 30,Oc
821,8,0.000007,19 95,Ré
822,8,0.000007,20 38,Sk
823,8,0.000007,20 50,Sw
824,8,0.000007,21 120,T’
825,8,0.000007,29 100,bî
826,8,0.000007,36 48,iu
827,8,0.000007,43 93,pç
828,8,0.000007,46 0,s改行
829,8,0.000007,46 88,sâ
830,8,0.000007,47 40,tm
831,8,0.000007,52 31,yd
832,8,0.000007,95 95,éé
833,8,0.000007,100 40,îm
834,8,0.000007,106 40,ôm
835,8,0.000007,120 46,’s
836,7,0.000006,6 14,EM
837,7,0.000006,6 15,EN
838,7,0.000006,6 19,ER
839,7,0.000006,6 48,Eu
840,7,0.000006,7 1,F空白
841,7,0.000006,10 40,Im
842,7,0.000006,30 52,cy
843,7,0.000006,32 88,eâ
844,7,0.000006,38 41,kn
845,7,0.000006,39 29,lb
846,7,0.000006,39 113,lû
847,7,0.000006,42 51,ox
848,7,0.000006,43 52,py
849,7,0.000006,45 100,rî
850,7,0.000006,45 120,r’
851,7,0.000006,46 93,sç
852,7,0.000006,51 44,xq
853,7,0.000006,51 48,xu
854,7,0.000006,52 40,ym
855,7,0.000006,63 49,Év
856,7,0.000006,95 35,éh
857,7,0.000006,101 46,ïs
858,6,0.000005,3 6,BE
859,6,0.000005,10 6,IE
860,6,0.000005,10 23,IV
861,6,0.000005,11 95,Jé
862,6,0.000005,14 120,M’
863,6,0.000005,15 95,Né
864,6,0.000005,23 95,Vé
865,6,0.000005,30 88,câ
866,6,0.000005,31 34,dg
867,6,0.000005,33 100,fî
868,6,0.000005,41 29,nb
869,6,0.000005,47 100,tî
870,6,0.000005,48 88,uâ
871,6,0.000005,95 88,éâ
872,6,0.000005,101 32,ïe
873,6,0.000005,120 45,’r
874,6,0.000005,120 47,’t
875,5,0.000004,2 10,AI
876,5,0.000004,2 19,AR
877,5,0.000004,3 95,Bé
878,5,0.000004,10 25,IX
879,5,0.000004,13 13,LL
880,5,0.000004,15 1,N空白
881,5,0.000004,15 6,NE
882,5,0.000004,15 21,NT
883,5,0.000004,16 15,ON
884,5,0.000004,17 94,Pè
885,5,0.000004,17 95,Pé
886,5,0.000004,19 0,R改行
887,5,0.000004,21 1,T空白
888,5,0.000004,21 10,TI
889,5,0.000004,23 45,Vr
890,5,0.000004,24 32,We
891,5,0.000004,31 49,dv
892,5,0.000004,31 88,dâ
893,5,0.000004,34 38,gk
894,5,0.000004,38 46,ks
895,5,0.000004,40 106,mô
896,5,0.000004,41 50,nw
897,5,0.000004,41 88,nâ
898,5,0.000004,42 28,oa
899,5,0.000004,43 120,p’
900,5,0.000004,46 31,sd
901,5,0.000004,47 30,tc
902,5,0.000004,50 39,wl
903,5,0.000004,52 30,yc
904,5,0.000004,61 86,Çà
905,5,0.000004,64 47,Êt
906,5,0.000004,88 36,âi
907,5,0.000004,96 44,êq
908,5,0.000004,101 44,ïq
909,5,0.000004,106 43,ôp
910,4,0.000004,1 74,空白Ô
911,4,0.000004,2 15,AN
912,4,0.000004,4 39,Cl
913,4,0.000004,9 94,Hè
914,4,0.000004,10 20,IS
915,4,0.000004,12 42,Ko
916,4,0.000004,13 35,Lh
917,4,0.000004,14 2,MA
918,4,0.000004,14 10,MI
919,4,0.000004,14 14,MM
920,4,0.000004,14 30,Mc
921,4,0.000004,15 48,Nu
922,4,0.000004,16 40,Om
923,4,0.000004,19 1,R空白
924,4,0.000004,20 30,Sc
925,4,0.000004,21 35,Th
926,4,0.000004,22 1,U空白
927,4,0.000004,24 35,Wh
928,4,0.000004,29 29,bb
929,4,0.000004,29 52,by
930,4,0.000004,29 119,bœ
931,4,0.000004,30 96,cê
932,4,0.000004,36 36,ii
933,4,0.000004,36 52,iy
934,4,0.000004,41 43,np
935,4,0.000004,46 29,sb
936,4,0.000004,48 101,uï
937,4,0.000004,49 88,vâ
938,4,0.000004,49 106,vô
939,4,0.000004,52 47,yt
940,4,0.000004,96 43,êp
941,4,0.000004,120 30,’c
942,4,0.000004,120 100,’î
943,3,0.000003,0 24,改行W
944,3,0.000003,0 26,改行Y
945,3,0.000003,1 38,空白k
946,3,0.000003,1 64,空白Ê
947,3,0.000003,2 3,AB
948,3,0.000003,2 22,AU
949,3,0.000003,2 30,Ac
950,3,0.000003,4 6,CE
951,3,0.000003,6 28,Ea
952,3,0.000003,7 95,Fé
953,3,0.000003,9 106,Hô
954,3,0.000003,12 36,Ki
955,3,0.000003,14 48,Mu
956,3,0.000003,15 4,NC
957,3,0.000003,15 5,ND
958,3,0.000003,17 19,PR
959,3,0.000003,20 1,S空白
960,3,0.000003,22 10,UI
961,3,0.000003,22 19,UR
962,3,0.000003,26 1,Y空白
963,3,0.000003,29 49,bv
964,3,0.000003,31 37,dj
965,3,0.000003,31 39,dl
966,3,0.000003,31 50,dw
967,3,0.000003,31 106,dô
968,3,0.000003,32 0,e改行
969,3,0.000003,33 50,fw
970,3,0.000003,37 106,jô
971,3,0.000003,39 50,lw
972,3,0.000003,39 106,lô
973,3,0.000003,41 100,nî
974,3,0.000003,41 106,nô
975,3,0.000003,42 94,oè
976,3,0.000003,47 29,tb
977,3,0.000003,48 97,uë
978,3,0.000003,50 41,wn
979,3,0.000003,52 36,yi
980,3,0.000003,53 36,zi
981,3,0.000003,53 53,zz
982,3,0.000003,63 15,ÉN
983,3,0.000003,63 39,Él
984,3,0.000003,74 1,Ô空白
985,3,0.000003,88 46,âs
986,3,0.000003,93 88,çâ
987,3,0.000003,93 120,ç’
988,3,0.000003,97 47,ët
989,3,0.000003,101 1,ï空白
990,3,0.000003,101 33,ïf
991,3,0.000003,106 41,ôn
992,3,0.000003,120 39,’l
993,3,0.000003,120 43,’p
994,3,0.000003,120 49,’v
995,2,0.000002,0 64,改行Ê
996,2,0.000002,3 2,BA
997,2,0.000002,4 1,C空白
998,2,0.000002,4 106,Cô
999,2,0.000002,5 1,D空白
1000,2,0.000002,5 10,DI
1001,2,0.000002,6 20,ES
1002,2,0.000002,6 22,EU
1003,2,0.000002,6 27,EZ
1004,2,0.000002,6 113,Eû
1005,2,0.000002,8 22,GU
1006,2,0.000002,10 15,IN
1007,2,0.000002,10 16,IO
1008,2,0.000002,10 19,IR
1009,2,0.000002,13 1,L空白
1010,2,0.000002,14 16,MO
1011,2,0.000002,14 52,My
1012,2,0.000002,16 14,OM
1013,2,0.000002,16 29,Ob
1014,2,0.000002,17 2,PA
1015,2,0.000002,17 35,Ph
1016,2,0.000002,18 22,QU
1017,2,0.000002,19 10,RI
1018,2,0.000002,19 14,RM
1019,2,0.000002,19 21,RT
1020,2,0.000002,19 48,Ru
1021,2,0.000002,20 0,S改行
1022,2,0.000002,20 6,SE
1023,2,0.000002,20 16,SO
1024,2,0.000002,20 22,SU
1025,2,0.000002,20 95,Sé
1026,2,0.000002,21 0,T改行
1027,2,0.000002,21 6,TE
1028,2,0.000002,21 88,Tâ
1029,2,0.000002,22 63,UÉ
1030,2,0.000002,25 32,Xe
1031,2,0.000002,26 32,Ye
1032,2,0.000002,31 31,dd
1033,2,0.000002,34 53,gz
1034,2,0.000002,34 100,gî
1035,2,0.000002,35 39,hl
1036,2,0.000002,35 40,hm
1037,2,0.000002,36 88,iâ
1038,2,0.000002,40 100,mî
1039,2,0.000002,43 41,pn
1040,2,0.000002,44 113,qû
1041,2,0.000002,46 49,sv
1042,2,0.000002,47 38,tk
1043,2,0.000002,48 100,uî
1044,2,0.000002,49 119,vœ
1045,2,0.000002,49 120,v’
1046,2,0.000002,52 34,yg
1047,2,0.000002,52 37,yj
1048,2,0.000002,52 88,yâ
1049,2,0.000002,63 34,Ég
1050,2,0.000002,63 43,Ép
1051,2,0.000002,93 113,çû
1052,2,0.000002,95 93,éç
1053,2,0.000002,97 1,ë空白
1054,2,0.000002,101 41,ïn
1055,2,0.000002,113 41,ûn
1056,2,0.000002,120 34,’g
1057,1,0.000001,1 94,空白è
1058,1,0.000001,1 106,空白ô
1059,1,0.000001,1 118,空白Œ
1060,1,0.000001,2 5,AD
1061,1,0.000001,2 21,AT
1062,1,0.000001,2 23,AV
1063,1,0.000001,2 33,Af
1064,1,0.000001,2 34,Ag
1065,1,0.000001,2 37,Aj
1066,1,0.000001,2 42,Ao
1067,1,0.000001,3 20,BS
1068,1,0.000001,3 63,BÉ
1069,1,0.000001,3 88,Bâ
1070,1,0.000001,3 113,Bû
1071,1,0.000001,4 2,CA
1072,1,0.000001,4 21,CT
1073,1,0.000001,4 63,CÉ
1074,1,0.000001,4 95,Cé
1075,1,0.000001,5 22,DU
1076,1,0.000001,6 6,EE
1077,1,0.000001,6 10,EI
1078,1,0.000001,6 21,ET
1079,1,0.000001,6 31,Ed
1080,1,0.000001,7 10,FI
1081,1,0.000001,7 16,FO
1082,1,0.000001,7 48,Fu
1083,1,0.000001,8 2,GA
1084,1,0.000001,8 6,GE
1085,1,0.000001,8 16,GO
1086,1,0.000001,8 19,GR
1087,1,0.000001,8 95,Gé
1088,1,0.000001,9 6,HE
1089,1,0.000001,9 16,HO
1090,1,0.000001,10 2,IA
1091,1,0.000001,10 4,IC
1092,1,0.000001,10 5,ID
1093,1,0.000001,10 8,IG
1094,1,0.000001,10 32,Ie
1095,1,0.000001,10 34,Ig
1096,1,0.000001,10 62,IÈ
1097,1,0.000001,13 22,LU
1098,1,0.000001,13 119,Lœ
1099,1,0.000001,14 3,MB
1100,1,0.000001,14 40,Mm
1101,1,0.000001,14 88,Mâ
1102,1,0.000001,14 95,Mé
1103,1,0.000001,14 113,Mû
1104,1,0.000001,15 0,N改行
1105,1,0.000001,15 2,NA
1106,1,0.000001,15 15,NN
1107,1,0.000001,15 16,NO
1108,1,0.000001,15 22,NU
1109,1,0.000001,15 63,NÉ
1110,1,0.000001,16 10,OI
1111,1,0.000001,16 19,OR
1112,1,0.000001,16 26,OY
1113,1,0.000001,16 36,Oi
1114,1,0.000001,16 46,Os
1115,1,0.000001,16 63,OÉ
1116,1,0.000001,17 1,P空白
1117,1,0.000001,17 6,PE
1118,1,0.000001,17 13,PL
1119,1,0.000001,17 96,Pê
1120,1,0.000001,19 5,RD
1121,1,0.000001,19 8,RG
1122,1,0.000001,19 18,RQ
1123,1,0.000001,19 52,Ry
1124,1,0.000001,19 62,RÈ
1125,1,0.000001,19 96,Rê
1126,1,0.000001,20 2,SA
1127,1,0.000001,20 10,SI
1128,1,0.000001,20 43,Sp
1129,1,0.000001,20 52,Sy
1130,1,0.000001,21 21,TT
1131,1,0.000001,21 50,Tw
1132,1,0.000001,21 63,TÉ
1133,1,0.000001,21 95,Té
1134,1,0.000001,22 6,UE
1135,1,0.000001,22 15,UN
1136,1,0.000001,22 21,UT
1137,1,0.000001,22 25,UX
1138,1,0.000001,22 46,Us
1139,1,0.000001,23 1,V空白
1140,1,0.000001,23 6,VE
1141,1,0.000001,23 16,VO
1142,1,0.000001,26 2,YA
1143,1,0.000001,26 40,Ym
1144,1,0.000001,26 49,Yv
1145,1,0.000001,26 120,Y’
1146,1,0.000001,27 0,Z改行
1147,1,0.000001,27 1,Z空白
1148,1,0.000001,27 2,ZA
1149,1,0.000001,28 28,aa
1150,1,0.000001,28 32,ae
1151,1,0.000001,29 31,bd
1152,1,0.000001,29 41,bn
1153,1,0.000001,30 31,cd
1154,1,0.000001,31 35,dh
1155,1,0.000001,31 41,dn
1156,1,0.000001,34 52,gy
1157,1,0.000001,35 31,hd
1158,1,0.000001,35 50,hw
1159,1,0.000001,36 50,iw
1160,1,0.000001,37 36,ji
1161,1,0.000001,38 45,kr
1162,1,0.000001,39 45,lr
1163,1,0.000001,39 96,lê
1164,1,0.000001,40 39,ml
1165,1,0.000001,41 0,n改行
1166,1,0.000001,42 53,oz
1167,1,0.000001,43 100,pî
1168,1,0.000001,45 0,r改行
1169,1,0.000001,45 50,rw
1170,1,0.000001,45 53,rz
1171,1,0.000001,48 0,u改行
1172,1,0.000001,48 93,uç
1173,1,0.000001,50 95,wé
1174,1,0.000001,51 35,xh
1175,1,0.000001,51 42,xo
1176,1,0.000001,51 52,xy
1177,1,0.000001,52 50,yw
1178,1,0.000001,53 120,z’
1179,1,0.000001,62 14,ÈM
1180,1,0.000001,62 20,ÈS
1181,1,0.000001,63 0,É改行
1182,1,0.000001,63 5,ÉD
1183,1,0.000001,63 13,ÉL
1184,1,0.000001,63 20,ÉS
1185,1,0.000001,63 21,ÉT
1186,1,0.000001,74 47,Ôt
1187,1,0.000001,94 33,èf
1188,1,0.000001,97 46,ës
1189,1,0.000001,113 40,ûm
1190,1,0.000001,118 48,Œu
