順位,登場回数,登場率,文字番号組,文字組
0,55811,0.049040,6 1,e空白
1,37842,0.033251,20 1,s空白
2,33302,0.029262,21 1,t空白
3,24543,0.021565,1 5,空白d
4,23165,0.020354,1 13,空白l
5,18988,0.016684,13 6,le
6,18870,0.016581,6 20,es
7,17789,0.015631,2 10,ai
8,17253,0.015160,6 15,en
9,16356,0.014372,1 17,空白p
10,15368,0.013503,5 6,de
11,14721,0.012935,15 21,nt
12,14464,0.012709,19 6,re
13,14260,0.012530,1 20,空白s
14,14003,0.012304,16 22,ou
15,13602,0.011952,1 4,空白c
16,12944,0.011374,1 6,空白e
17,12913,0.011346,10 21,it
18,12379,0.010877,15 1,n空白
19,12042,0.010581,2 1,a空白
20,12011,0.010554,19 1,r空白
21,11362,0.009983,16 15,on
22,10515,0.009239,13 2,la
23,10480,0.009208,2 15,an
24,10284,0.009036,18 22,qu
25,10173,0.008939,1 2,空白a
26,9793,0.008605,1 14,空白m
27,9580,0.008418,22 19,ur
28,9208,0.008091,21 6,te
29,9161,0.008050,6 19,er
30,9122,0.008015,6 21,et
31,8846,0.007773,10 13,il
32,8316,0.007307,10 20,is
33,8081,0.007101,15 6,ne
34,7726,0.006789,20 6,se
35,7690,0.006757,1 18,空白q
36,7672,0.006741,10 6,ie
37,7285,0.006401,14 6,me
38,7248,0.006369,10 15,in
39,7194,0.006321,1 21,空白t
40,7047,0.006192,10 1,i空白
41,6840,0.006010,1 23,空白v
42,6686,0.005875,2 19,ar
43,6543,0.005749,6 22,eu
44,6532,0.005739,13 13,ll
45,6303,0.005538,22 20,us
46,6192,0.005441,17 2,pa
47,6154,0.005407,13 1,l空白
48,5984,0.005258,4 16,co
49,5954,0.005232,1 7,空白f
50,5926,0.005207,2 22,au
51,5908,0.005191,19 2,ra
52,5820,0.005114,22 1,u空白
53,5816,0.005110,22 10,ui
54,5804,0.005100,22 6,ue
55,5713,0.005020,22 15,un
56,5627,0.004944,1 19,空白r
57,5478,0.004813,6 13,el
58,5460,0.004798,1 10,空白i
59,5457,0.004795,4 6,ce
60,5420,0.004762,15 20,ns
61,5404,0.004748,1 15,空白n
62,5229,0.004595,14 2,ma
63,5117,0.004496,21 2,ta
64,5054,0.004441,21 19,tr
65,4994,0.004388,16 10,oi
66,4885,0.004292,1 3,空白b
67,4759,0.004182,20 2,sa
68,4603,0.004045,4 9,ch
69,4575,0.004020,22 21,ut
70,4522,0.003973,23 2,va
71,4498,0.003952,23 6,ve
72,4443,0.003904,15 5,nd
73,4398,0.003864,17 16,po
74,4373,0.003842,2 23,av
75,4367,0.003837,19 10,ri
76,4354,0.003826,28 1,à空白
77,4327,0.003802,1 11,空白j
78,4127,0.003626,5 2,da
79,4084,0.003588,20 16,so
80,4057,0.003565,10 19,ir
81,4053,0.003561,6 14,em
82,4037,0.003547,20 20,ss
83,4003,0.003517,2 20,as
84,3933,0.003456,1 22,空白u
85,3837,0.003371,23 16,vo
86,3730,0.003277,16 19,or
87,3701,0.003252,1 0,空白改行
88,3631,0.003190,19 16,ro
89,3585,0.003150,21 10,ti
90,3561,0.003129,16 14,om
91,3445,0.003027,1 28,空白à
92,3373,0.002964,21 16,to
93,3338,0.002933,31 1,é空白
94,3330,0.002926,17 19,pr
95,3316,0.002914,14 0,m改行
96,3222,0.002831,17 6,pe
97,3209,0.002820,1 8,空白g
98,3168,0.002784,13 10,li
99,3130,0.002750,13 22,lu
100,3045,0.002676,31 21,ét
101,3032,0.002664,20 10,si
102,2967,0.002607,25 1,x空白
103,2940,0.002583,5 10,di
104,2833,0.002489,14 16,mo
105,2813,0.002472,20 21,st
106,2729,0.002398,1 31,空白é
107,2686,0.002360,19 20,rs
108,2645,0.002324,9 6,he
109,2633,0.002314,14 14,mm
110,2619,0.002301,17 13,pl
111,2613,0.002296,22 25,ux
112,2594,0.002279,19 21,rt
113,2539,0.002231,2 13,al
114,2514,0.002209,20 22,su
115,2507,0.002203,15 4,nc
116,2492,0.002190,14 10,mi
117,2479,0.002178,23 10,vi
118,2448,0.002151,11 6,je
119,2426,0.002132,6 0,e改行
120,2419,0.002126,9 2,ha
121,2382,0.002093,8 6,ge
122,2360,0.002074,13 16,lo
123,2351,0.002066,2 21,at
124,2344,0.002060,15 2,na
125,2242,0.001970,1 16,空白o
126,2192,0.001926,7 2,fa
127,2141,0.001881,23 0,v改行
128,2093,0.001839,5 22,du
129,2041,0.001793,16 13,ol
130,2029,0.001783,19 31,ré
131,2023,0.001778,1 9,空白h
132,2009,0.001765,21 21,tt
133,2000,0.001757,31 6,ée
134,1968,0.001729,15 8,ng
135,1957,0.001720,30 19,èr
136,1907,0.001676,10 8,ig
137,1784,0.001568,14 17,mp
138,1761,0.001547,19 19,rr
139,1741,0.001530,22 23,uv
140,1738,0.001527,2 4,ac
141,1733,0.001523,4 2,ca
142,1724,0.001515,2 14,am
143,1698,0.001492,2 8,ag
144,1695,0.001489,22 13,ul
145,1680,0.001476,5 31,dé
146,1679,0.001475,21 31,té
147,1677,0.001474,15 15,nn
148,1666,0.001464,15 16,no
149,1646,0.001446,27 1,z空白
150,1643,0.001444,3 16,bo
151,1637,0.001438,6 27,ez
152,1630,0.001432,5 1,d空白
153,1586,0.001394,5 16,do
154,1571,0.001380,6 2,ea
155,1546,0.001358,2 17,ap
156,1530,0.001344,15 10,ni
157,1526,0.001341,2 26,ay
158,1513,0.001329,2 3,ab
159,1501,0.001319,19 5,rd
160,1477,0.001298,10 16,io
161,1466,0.001288,6 4,ec
162,1456,0.001279,3 6,be
163,1427,0.001254,8 2,ga
164,1416,0.001244,7 10,fi
165,1410,0.001239,7 16,fo
166,1404,0.001234,22 2,ua
167,1400,0.001230,4 10,ci
168,1393,0.001224,3 13,bl
169,1388,0.001220,3 2,ba
170,1386,0.001218,6 23,ev
171,1368,0.001202,16 0,o改行
172,1314,0.001155,8 19,gr
173,1314,0.001155,21 20,ts
174,1310,0.001151,21 22,tu
175,1298,0.001141,9 16,ho
176,1298,0.001141,21 0,t改行
177,1252,0.001100,4 1,c空白
178,1245,0.001094,11 16,jo
179,1229,0.001080,31 20,és
180,1228,0.001079,16 20,os
181,1194,0.001049,10 14,im
182,1176,0.001033,3 10,bi
183,1171,0.001029,5 19,dr
184,1143,0.001004,3 19,br
185,1128,0.000991,32 21,êt
186,1113,0.000978,6 10,ei
187,1082,0.000951,31 4,éc
188,1074,0.000944,13 20,ls
189,1064,0.000935,10 23,iv
190,1055,0.000927,8 15,gn
191,1037,0.000911,31 17,ép
192,1013,0.000890,7 6,fe
193,980,0.000861,17 10,pi
194,971,0.000853,19 4,rc
195,969,0.000851,10 30,iè
196,931,0.000818,14 3,mb
197,919,0.000807,4 19,cr
198,898,0.000789,15 22,nu
199,876,0.000770,26 1,y空白
200,871,0.000765,8 16,go
201,868,0.000763,8 10,gi
202,864,0.000759,9 1,h空白
203,860,0.000756,9 21,ht
204,857,0.000753,8 9,gh
205,849,0.000746,26 13,yl
206,844,0.000742,20 31,sé
207,836,0.000735,16 21,ot
208,828,0.000728,19 15,rn
209,823,0.000723,15 31,né
210,816,0.000717,19 14,rm
211,815,0.000716,7 7,ff
212,813,0.000714,8 22,gu
213,802,0.000705,5 0,d改行
214,799,0.000702,17 9,ph
215,792,0.000696,19 30,rè
216,789,0.000693,10 5,id
217,788,0.000692,10 4,ic
218,775,0.000681,22 17,up
219,774,0.000680,17 17,pp
220,769,0.000676,17 22,pu
221,760,0.000668,22 4,uc
222,758,0.000666,19 22,ru
223,716,0.000629,1 26,空白y
224,716,0.000629,4 22,cu
225,708,0.000622,23 19,vr
226,698,0.000613,31 19,ér
227,697,0.000612,30 20,ès
228,690,0.000606,13 31,lé
229,680,0.000597,7 19,fr
230,667,0.000586,6 17,ep
231,633,0.000556,14 32,mê
232,621,0.000546,7 22,fu
233,618,0.000543,32 14,êm
234,604,0.000531,16 3,ob
235,604,0.000531,16 4,oc
236,602,0.000529,19 8,rg
237,601,0.000528,13 17,lp
238,574,0.000504,2 5,ad
239,573,0.000503,10 2,ia
240,570,0.000501,20 18,sq
241,563,0.000495,9 10,hi
242,540,0.000474,26 6,ye
243,535,0.000470,4 13,cl
244,526,0.000462,6 25,ex
245,524,0.000460,12 0,k改行
246,507,0.000445,26 2,ya
247,504,0.000443,6 8,eg
248,503,0.000442,29 2,ça
249,502,0.000441,13 28,là
250,501,0.000440,22 14,um
251,495,0.000435,17 20,ps
252,492,0.000432,22 5,ud
253,489,0.000430,6 5,ed
254,483,0.000424,11 2,ja
255,482,0.000424,16 26,oy
256,479,0.000421,16 17,op
257,476,0.000418,17 1,p空白
258,469,0.000412,7 13,fl
259,468,0.000411,20 17,sp
260,463,0.000407,4 21,ct
261,456,0.000401,20 4,sc
262,453,0.000398,14 31,mé
263,451,0.000396,15 7,nf
264,448,0.000394,10 18,iq
265,447,0.000393,27 2,za
266,444,0.000390,11 22,ju
267,440,0.000387,33 21,ôt
268,438,0.000385,14 22,mu
269,437,0.000384,10 25,ix
270,425,0.000373,0 13,改行l
271,421,0.000370,17 31,pé
272,414,0.000364,16 38,où
273,414,0.000364,38 1,ù空白
274,413,0.000363,0 6,改行e
275,399,0.000351,10 7,if
276,378,0.000332,6 7,ef
277,367,0.000322,14 30,mè
278,366,0.000322,8 13,gl
279,358,0.000315,0 10,改行i
280,355,0.000312,3 22,bu
281,353,0.000310,10 3,ib
282,349,0.000307,23 31,vé
283,348,0.000306,19 32,rê
284,347,0.000305,15 18,nq
285,346,0.000304,1 27,空白z
286,343,0.000301,31 15,én
287,342,0.000301,4 4,cc
288,341,0.000300,15 23,nv
289,337,0.000296,0 4,改行c
290,337,0.000296,2 7,af
291,332,0.000292,31 13,él
292,328,0.000288,9 31,hé
293,322,0.000283,2 36,aî
294,319,0.000280,5 20,ds
295,319,0.000280,8 31,gé
296,315,0.000277,16 8,og
297,311,0.000273,1 32,空白ê
298,308,0.000271,19 13,rl
299,308,0.000271,22 31,ué
300,306,0.000269,17 21,pt
301,306,0.000269,22 7,uf
302,300,0.000264,10 31,ié
303,299,0.000263,19 23,rv
304,298,0.000262,31 8,ég
305,290,0.000255,8 1,g空白
306,288,0.000253,4 31,cé
307,288,0.000253,26 16,yo
308,287,0.000252,19 3,rb
309,283,0.000249,13 18,lq
310,280,0.000246,0 11,改行j
311,272,0.000239,22 8,ug
312,265,0.000233,15 29,nç
313,264,0.000232,19 18,rq
314,257,0.000226,31 14,ém
315,253,0.000222,31 23,év
316,249,0.000219,15 0,n改行
317,242,0.000213,2 18,aq
318,237,0.000208,9 22,hu
319,237,0.000208,39 21,ût
320,234,0.000206,31 5,éd
321,230,0.000202,0 5,改行d
322,229,0.000201,34 21,ât
323,225,0.000198,4 33,cô
324,223,0.000196,8 21,gt
325,223,0.000196,22 3,ub
326,222,0.000195,13 30,lè
327,219,0.000192,40 22,œu
328,218,0.000192,7 1,f空白
329,216,0.000190,21 32,tê
330,216,0.000190,23 22,vu
331,216,0.000190,31 7,éf
332,215,0.000189,22 11,uj
333,211,0.000185,36 21,ît
334,206,0.000181,19 17,rp
335,202,0.000177,14 1,m空白
336,200,0.000176,0 14,改行m
337,194,0.000170,17 32,pê
338,185,0.000163,7 31,fé
339,185,0.000163,31 11,éj
340,185,0.000163,36 15,în
341,183,0.000161,16 5,od
342,182,0.000160,25 17,xp
343,180,0.000158,1 29,空白ç
344,167,0.000147,10 17,ip
345,167,0.000147,32 4,êc
346,163,0.000143,0 17,改行p
347,163,0.000143,12 6,ke
348,161,0.000141,21 33,tô
349,160,0.000141,0 23,改行v
350,158,0.000139,16 7,of
351,158,0.000139,22 16,uo
352,158,0.000139,31 18,éq
353,157,0.000138,1 12,空白k
354,154,0.000135,6 9,eh
355,152,0.000134,26 20,ys
356,152,0.000134,31 3,éb
357,147,0.000129,13 21,lt
358,147,0.000129,17 30,pè
359,146,0.000128,0 2,改行a
360,144,0.000127,11 28,jà
361,144,0.000127,29 16,ço
362,142,0.000125,30 21,èt
363,141,0.000124,0 18,改行q
364,139,0.000122,4 40,cœ
365,138,0.000121,24 2,wa
366,135,0.000119,21 9,th
367,135,0.000119,21 30,tè
368,133,0.000117,39 19,ûr
369,132,0.000116,3 31,bé
370,132,0.000116,16 1,o空白
371,130,0.000114,1 24,空白w
372,130,0.000114,19 29,rç
373,126,0.000111,0 20,改行s
374,125,0.000110,30 23,èv
375,125,0.000110,31 2,éa
376,124,0.000109,0 15,改行n
377,123,0.000108,20 39,sû
378,121,0.000106,25 21,xt
379,120,0.000105,3 20,bs
380,118,0.000104,0 16,改行o
381,118,0.000104,0 21,改行t
382,117,0.000103,3 1,b空白
383,117,0.000103,26 31,yé
384,116,0.000102,2 9,ah
385,114,0.000100,4 20,cs
386,113,0.000099,34 4,âc
387,112,0.000098,30 4,èc
388,111,0.000098,12 1,k空白
389,106,0.000093,0 22,改行u
390,106,0.000093,25 10,xi
391,104,0.000091,16 18,oq
392,102,0.000090,18 1,q空白
393,101,0.000089,2 29,aç
394,101,0.000089,9 30,hè
395,100,0.000088,22 26,uy
396,100,0.000088,27 6,ze
397,98,0.000086,5 30,dè
398,98,0.000086,19 7,rf
399,97,0.000085,12 13,kl
400,97,0.000085,16 23,ov
401,96,0.000084,15 19,nr
402,95,0.000083,2 11,aj
403,92,0.000081,4 12,ck
404,91,0.000080,22 30,uè
405,90,0.000079,12 2,ka
406,90,0.000079,15 27,nz
407,87,0.000076,21 26,ty
408,86,0.000076,16 16,oo
409,86,0.000076,25 2,xa
410,85,0.000075,15 32,nê
411,83,0.000073,20 30,sè
412,82,0.000072,20 9,sh
413,79,0.000069,29 22,çu
414,78,0.000069,6 26,ey
415,76,0.000067,3 34,bâ
416,75,0.000066,6 39,eû
417,75,0.000066,16 39,oû
418,73,0.000064,0 8,改行g
419,73,0.000064,4 18,cq
420,71,0.000062,12 16,ko
421,71,0.000062,15 9,nh
422,70,0.000062,16 24,ow
423,69,0.000061,24 20,ws
424,69,0.000061,32 13,êl
425,66,0.000058,6 3,eb
426,66,0.000058,9 26,hy
427,66,0.000058,10 27,iz
428,65,0.000057,15 13,nl
429,64,0.000056,10 9,ih
430,64,0.000056,25 6,xe
431,63,0.000055,8 30,gè
432,63,0.000055,20 12,sk
433,62,0.000054,13 5,ld
434,61,0.000054,0 28,改行à
435,61,0.000054,1 34,空白â
436,61,0.000054,22 12,uk
437,59,0.000052,5 14,dm
438,59,0.000052,10 11,ij
439,59,0.000052,22 0,u改行
440,58,0.000051,19 12,rk
441,58,0.000051,26 22,yu
442,57,0.000050,9 34,hâ
443,57,0.000050,23 30,vè
444,56,0.000049,17 34,pâ
445,56,0.000049,30 14,èm
446,56,0.000049,34 13,âl
447,55,0.000048,22 27,uz
448,54,0.000047,25 4,xc
449,53,0.000047,6 6,ee
450,53,0.000047,8 8,gg
451,53,0.000047,8 20,gs
452,53,0.000047,13 4,lc
453,53,0.000047,23 32,vê
454,52,0.000046,7 39,fû
455,51,0.000045,15 30,nè
456,50,0.000044,15 11,nj
457,50,0.000044,16 9,oh
458,50,0.000044,34 14,âm
459,49,0.000043,13 9,lh
460,48,0.000042,6 24,ew
461,48,0.000042,10 12,ik
462,47,0.000041,32 15,ên
463,46,0.000040,27 16,zo
464,45,0.000040,2 12,ak
465,45,0.000040,16 2,oa
466,45,0.000040,30 15,èn
467,45,0.000040,33 13,ôl
468,44,0.000039,16 11,oj
469,44,0.000039,31 22,éu
470,43,0.000038,0 3,改行b
471,43,0.000038,7 20,fs
472,43,0.000038,13 8,lg
473,43,0.000038,13 14,lm
474,43,0.000038,30 8,èg
475,42,0.000037,3 32,bê
476,42,0.000037,10 10,ii
477,42,0.000037,16 12,ok
478,41,0.000036,6 29,eç
479,41,0.000036,9 33,hô
480,41,0.000036,13 34,lâ
481,41,0.000036,19 34,râ
482,41,0.000036,24 10,wi
483,40,0.000035,21 34,tâ
484,39,0.000034,4 30,cè
485,39,0.000034,40 10,œi
486,37,0.000033,12 10,ki
487,36,0.000032,0 0,改行改行
488,36,0.000032,6 16,eo
489,36,0.000032,21 13,tl
490,36,0.000032,24 16,wo
491,36,0.000032,32 23,êv
492,35,0.000031,0 19,改行r
493,35,0.000031,10 0,i改行
494,34,0.000030,34 8,âg
495,33,0.000029,13 26,ly
496,33,0.000029,20 13,sl
497,33,0.000029,20 14,sm
498,33,0.000029,30 13,èl
499,32,0.000028,14 20,ms
500,32,0.000028,19 33,rô
501,31,0.000027,8 14,gm
502,31,0.000027,31 16,éo
503,30,0.000026,2 27,az
504,30,0.000026,19 26,ry
505,30,0.000026,20 26,sy
506,29,0.000025,9 19,hr
507,29,0.000025,13 12,lk
508,29,0.000025,14 34,mâ
509,28,0.000025,2 24,aw
510,28,0.000025,6 11,ej
511,28,0.000025,12 21,kt
512,28,0.000025,14 24,mw
513,28,0.000025,15 26,ny
514,28,0.000025,20 7,sf
515,27,0.000024,7 32,fê
516,27,0.000024,19 39,rû
517,26,0.000023,14 15,mn
518,26,0.000023,16 36,oî
519,26,0.000023,31 10,éi
520,25,0.000022,1 25,空白x
521,25,0.000022,13 7,lf
522,25,0.000022,24 1,w空白
523,24,0.000021,0 31,改行é
524,24,0.000021,1 40,空白œ
525,24,0.000021,16 31,oé
526,24,0.000021,24 9,wh
527,23,0.000020,0 27,改行z
528,23,0.000020,5 36,dî
529,23,0.000020,6 18,eq
530,23,0.000020,16 6,oe
531,23,0.000020,26 17,yp
532,23,0.000020,39 13,ûl
533,22,0.000019,0 7,改行f
534,22,0.000019,12 26,ky
535,22,0.000019,17 39,pû
536,22,0.000019,20 24,sw
537,22,0.000019,27 22,zu
538,22,0.000019,30 3,èb
539,21,0.000018,0 9,改行h
540,21,0.000018,3 21,bt
541,21,0.000018,5 39,dû
542,21,0.000018,8 34,gâ
543,21,0.000018,16 35,oë
544,20,0.000018,2 16,ao
545,20,0.000018,3 11,bj
546,20,0.000018,7 30,fè
547,20,0.000018,30 5,èd
548,20,0.000018,39 1,û空白
549,19,0.000017,9 32,hê
550,19,0.000017,17 33,pô
551,19,0.000017,20 40,sœ
552,19,0.000017,22 18,uq
553,18,0.000016,15 40,nœ
554,18,0.000016,19 9,rh
555,18,0.000016,22 32,uê
556,18,0.000016,24 6,we
557,18,0.000016,25 31,xé
558,18,0.000016,35 13,ël
559,17,0.000015,15 12,nk
560,17,0.000015,20 0,s改行
561,17,0.000015,29 28,çà
562,16,0.000014,0 29,改行ç
563,16,0.000014,5 26,dy
564,16,0.000014,31 27,éz
565,15,0.000013,6 12,ek
566,15,0.000013,9 15,hn
567,15,0.000013,14 26,my
568,15,0.000013,17 3,pb
569,15,0.000013,26 15,yn
570,14,0.000012,26 30,yè
571,14,0.000012,36 13,îl
572,13,0.000011,8 32,gê
573,13,0.000011,15 14,nm
574,13,0.000011,16 32,oê
575,13,0.000011,21 24,tw
576,13,0.000011,34 17,âp
577,13,0.000011,36 4,îc
578,12,0.000011,2 37,aï
579,12,0.000011,7 34,fâ
580,12,0.000011,13 23,lv
581,12,0.000011,22 9,uh
582,12,0.000011,25 23,xv
583,12,0.000011,27 31,zé
584,11,0.000010,3 39,bû
585,11,0.000010,11 10,ji
586,11,0.000010,12 22,ku
587,11,0.000010,21 27,tz
588,11,0.000010,39 4,ûc
589,10,0.000009,0 25,改行x
590,10,0.000009,1 36,空白î
591,10,0.000009,14 39,mû
592,10,0.000009,16 37,oï
593,10,0.000009,25 25,xx
594,10,0.000009,26 19,yr
595,9,0.000008,0 12,改行k
596,9,0.000008,2 25,ax
597,9,0.000008,3 30,bè
598,9,0.000008,7 21,ft
599,9,0.000008,9 20,hs
600,9,0.000008,9 40,hœ
601,9,0.000008,15 25,nx
602,9,0.000008,23 36,vî
603,9,0.000008,25 0,x改行
604,9,0.000008,30 18,èq
605,9,0.000008,34 3,âb
606,9,0.000008,34 15,ân
607,8,0.000007,3 36,bî
608,8,0.000007,10 22,iu
609,8,0.000007,17 29,pç
610,8,0.000007,20 34,sâ
611,8,0.000007,21 14,tm
612,8,0.000007,26 5,yd
613,8,0.000007,26 14,ym
614,8,0.000007,31 31,éé
615,8,0.000007,33 14,ôm
616,8,0.000007,36 14,îm
617,7,0.000006,4 26,cy
618,7,0.000006,6 34,eâ
619,7,0.000006,12 15,kn
620,7,0.000006,13 3,lb
621,7,0.000006,13 39,lû
622,7,0.000006,16 25,ox
623,7,0.000006,17 26,py
624,7,0.000006,19 36,rî
625,7,0.000006,20 29,sç
626,7,0.000006,25 18,xq
627,7,0.000006,25 22,xu
628,7,0.000006,31 9,éh
629,7,0.000006,37 20,ïs
630,6,0.000005,4 34,câ
631,6,0.000005,5 8,dg
632,6,0.000005,7 36,fî
633,6,0.000005,11 31,jé
634,6,0.000005,15 3,nb
635,6,0.000005,19 0,r改行
636,6,0.000005,21 36,tî
637,6,0.000005,22 34,uâ
638,6,0.000005,31 34,éâ
639,6,0.000005,37 6,ïe
640,5,0.000004,1 33,空白ô
641,5,0.000004,5 23,dv
642,5,0.000004,5 34,dâ
643,5,0.000004,8 12,gk
644,5,0.000004,12 20,ks
645,5,0.000004,14 33,mô
646,5,0.000004,15 24,nw
647,5,0.000004,15 34,nâ
648,5,0.000004,18 0,q改行
649,5,0.000004,20 5,sd
650,5,0.000004,21 4,tc
651,5,0.000004,24 13,wl
652,5,0.000004,26 4,yc
653,5,0.000004,32 18,êq
654,5,0.000004,33 17,ôp
655,5,0.000004,34 10,âi
656,5,0.000004,37 18,ïq
657,4,0.000004,3 3,bb
658,4,0.000004,3 26,by
659,4,0.000004,3 40,bœ
660,4,0.000004,4 32,cê
661,4,0.000004,10 26,iy
662,4,0.000004,14 4,mc
663,4,0.000004,15 17,np
664,4,0.000004,20 3,sb
665,4,0.000004,22 37,uï
666,4,0.000004,23 33,vô
667,4,0.000004,23 34,vâ
668,4,0.000004,26 21,yt
669,4,0.000004,32 17,êp
670,3,0.000003,0 24,改行w
671,3,0.000003,0 26,改行y
672,3,0.000003,3 23,bv
673,3,0.000003,5 11,dj
674,3,0.000003,5 13,dl
675,3,0.000003,5 24,dw
676,3,0.000003,5 33,dô
677,3,0.000003,7 24,fw
678,3,0.000003,11 33,jô
679,3,0.000003,13 24,lw
680,3,0.000003,13 33,lô
681,3,0.000003,15 33,nô
682,3,0.000003,15 36,nî
683,3,0.000003,16 30,oè
684,3,0.000003,21 3,tb
685,3,0.000003,22 35,uë
686,3,0.000003,24 15,wn
687,3,0.000003,26 10,yi
688,3,0.000003,27 10,zi
689,3,0.000003,27 27,zz
690,3,0.000003,29 34,çâ
691,3,0.000003,30 0,è改行
692,3,0.000003,33 1,ô空白
693,3,0.000003,33 15,ôn
694,3,0.000003,34 20,âs
695,3,0.000003,35 21,ët
696,3,0.000003,37 1,ï空白
697,3,0.000003,37 7,ïf
698,2,0.000002,0 32,改行ê
699,2,0.000002,5 5,dd
700,2,0.000002,8 27,gz
701,2,0.000002,8 36,gî
702,2,0.000002,9 13,hl
703,2,0.000002,9 14,hm
704,2,0.000002,10 34,iâ
705,2,0.000002,14 36,mî
706,2,0.000002,17 15,pn
707,2,0.000002,18 39,qû
708,2,0.000002,20 23,sv
709,2,0.000002,21 12,tk
710,2,0.000002,22 36,uî
711,2,0.000002,23 40,vœ
712,2,0.000002,24 0,w改行
713,2,0.000002,26 8,yg
714,2,0.000002,26 11,yj
715,2,0.000002,26 34,yâ
716,2,0.000002,27 0,z改行
717,2,0.000002,29 39,çû
718,2,0.000002,31 29,éç
719,2,0.000002,35 1,ë空白
720,2,0.000002,37 15,ïn
721,2,0.000002,39 15,ûn
722,1,0.000001,1 30,空白è
723,1,0.000001,2 2,aa
724,1,0.000001,2 6,ae
725,1,0.000001,3 5,bd
726,1,0.000001,3 15,bn
727,1,0.000001,4 5,cd
728,1,0.000001,5 9,dh
729,1,0.000001,5 15,dn
730,1,0.000001,8 26,gy
731,1,0.000001,9 5,hd
732,1,0.000001,9 24,hw
733,1,0.000001,10 24,iw
734,1,0.000001,12 19,kr
735,1,0.000001,13 19,lr
736,1,0.000001,13 32,lê
737,1,0.000001,13 40,lœ
738,1,0.000001,14 13,ml
739,1,0.000001,16 27,oz
740,1,0.000001,17 36,pî
741,1,0.000001,19 24,rw
742,1,0.000001,19 27,rz
743,1,0.000001,22 29,uç
744,1,0.000001,23 1,v空白
745,1,0.000001,24 31,wé
746,1,0.000001,25 9,xh
747,1,0.000001,25 16,xo
748,1,0.000001,25 26,xy
749,1,0.000001,26 23,yv
750,1,0.000001,26 24,yw
751,1,0.000001,28 0,à改行
752,1,0.000001,30 7,èf
753,1,0.000001,31 0,é改行
754,1,0.000001,35 20,ës
755,1,0.000001,39 14,ûm
756,0,0.000000,0 1,改行空白
757,0,0.000000,0 30,改行è
758,0,0.000000,0 33,改行ô
759,0,0.000000,0 34,改行â
760,0,0.000000,0 35,改行ë
761,0,0.000000,0 36,改行î
762,0,0.000000,0 37,改行ï
763,0,0.000000,0 38,改行ù
764,0,0.000000,0 39,改行û
765,0,0.000000,0 40,改行œ
766,0,0.000000,1 1,空白空白
767,0,0.000000,1 35,空白ë
768,0,0.000000,1 37,空白ï
769,0,0.000000,1 38,空白ù
770,0,0.000000,1 39,空白û
771,0,0.000000,2 0,a改行
772,0,0.000000,2 28,aà
773,0,0.000000,2 30,aè
774,0,0.000000,2 31,aé
775,0,0.000000,2 32,aê
776,0,0.000000,2 33,aô
777,0,0.000000,2 34,aâ
778,0,0.000000,2 35,aë
779,0,0.000000,2 38,aù
780,0,0.000000,2 39,aû
781,0,0.000000,2 40,aœ
782,0,0.000000,3 0,b改行
783,0,0.000000,3 4,bc
784,0,0.000000,3 7,bf
785,0,0.000000,3 8,bg
786,0,0.000000,3 9,bh
787,0,0.000000,3 12,bk
788,0,0.000000,3 14,bm
789,0,0.000000,3 17,bp
790,0,0.000000,3 18,bq
791,0,0.000000,3 24,bw
792,0,0.000000,3 25,bx
793,0,0.000000,3 27,bz
794,0,0.000000,3 28,bà
795,0,0.000000,3 29,bç
796,0,0.000000,3 33,bô
797,0,0.000000,3 35,bë
798,0,0.000000,3 37,bï
799,0,0.000000,3 38,bù
800,0,0.000000,4 0,c改行
801,0,0.000000,4 3,cb
802,0,0.000000,4 7,cf
803,0,0.000000,4 8,cg
804,0,0.000000,4 11,cj
805,0,0.000000,4 14,cm
806,0,0.000000,4 15,cn
807,0,0.000000,4 17,cp
808,0,0.000000,4 23,cv
809,0,0.000000,4 24,cw
810,0,0.000000,4 25,cx
811,0,0.000000,4 27,cz
812,0,0.000000,4 28,cà
813,0,0.000000,4 29,cç
814,0,0.000000,4 35,cë
815,0,0.000000,4 36,cî
816,0,0.000000,4 37,cï
817,0,0.000000,4 38,cù
818,0,0.000000,4 39,cû
819,0,0.000000,5 3,db
820,0,0.000000,5 4,dc
821,0,0.000000,5 7,df
822,0,0.000000,5 12,dk
823,0,0.000000,5 17,dp
824,0,0.000000,5 18,dq
825,0,0.000000,5 21,dt
826,0,0.000000,5 25,dx
827,0,0.000000,5 27,dz
828,0,0.000000,5 28,dà
829,0,0.000000,5 29,dç
830,0,0.000000,5 32,dê
831,0,0.000000,5 35,dë
832,0,0.000000,5 37,dï
833,0,0.000000,5 38,dù
834,0,0.000000,5 40,dœ
835,0,0.000000,6 28,eà
836,0,0.000000,6 30,eè
837,0,0.000000,6 31,eé
838,0,0.000000,6 32,eê
839,0,0.000000,6 33,eô
840,0,0.000000,6 35,eë
841,0,0.000000,6 36,eî
842,0,0.000000,6 37,eï
843,0,0.000000,6 38,eù
844,0,0.000000,6 40,eœ
845,0,0.000000,7 0,f改行
846,0,0.000000,7 3,fb
847,0,0.000000,7 4,fc
848,0,0.000000,7 5,fd
849,0,0.000000,7 8,fg
850,0,0.000000,7 9,fh
851,0,0.000000,7 11,fj
852,0,0.000000,7 12,fk
853,0,0.000000,7 14,fm
854,0,0.000000,7 15,fn
855,0,0.000000,7 17,fp
856,0,0.000000,7 18,fq
857,0,0.000000,7 23,fv
858,0,0.000000,7 25,fx
859,0,0.000000,7 26,fy
860,0,0.000000,7 27,fz
861,0,0.000000,7 28,fà
862,0,0.000000,7 29,fç
863,0,0.000000,7 33,fô
864,0,0.000000,7 35,fë
865,0,0.000000,7 37,fï
866,0,0.000000,7 38,fù
867,0,0.000000,7 40,fœ
868,0,0.000000,8 0,g改行
869,0,0.000000,8 3,gb
870,0,0.000000,8 4,gc
871,0,0.000000,8 5,gd
872,0,0.000000,8 7,gf
873,0,0.000000,8 11,gj
874,0,0.000000,8 17,gp
875,0,0.000000,8 18,gq
876,0,0.000000,8 23,gv
877,0,0.000000,8 24,gw
878,0,0.000000,8 25,gx
879,0,0.000000,8 28,gà
880,0,0.000000,8 29,gç
881,0,0.000000,8 33,gô
882,0,0.000000,8 35,gë
883,0,0.000000,8 37,gï
884,0,0.000000,8 38,gù
885,0,0.000000,8 39,gû
886,0,0.000000,8 40,gœ
887,0,0.000000,9 0,h改行
888,0,0.000000,9 3,hb
889,0,0.000000,9 4,hc
890,0,0.000000,9 7,hf
891,0,0.000000,9 8,hg
892,0,0.000000,9 9,hh
893,0,0.000000,9 11,hj
894,0,0.000000,9 12,hk
895,0,0.000000,9 17,hp
896,0,0.000000,9 18,hq
897,0,0.000000,9 23,hv
898,0,0.000000,9 25,hx
899,0,0.000000,9 27,hz
900,0,0.000000,9 28,hà
901,0,0.000000,9 29,hç
902,0,0.000000,9 35,hë
903,0,0.000000,9 36,hî
904,0,0.000000,9 37,hï
905,0,0.000000,9 38,hù
906,0,0.000000,9 39,hû
907,0,0.000000,10 28,ià
908,0,0.000000,10 29,iç
909,0,0.000000,10 32,iê
910,0,0.000000,10 33,iô
911,0,0.000000,10 35,ië
912,0,0.000000,10 36,iî
913,0,0.000000,10 37,iï
914,0,0.000000,10 38,iù
915,0,0.000000,10 39,iû
916,0,0.000000,10 40,iœ
917,0,0.000000,11 0,j改行
918,0,0.000000,11 1,j空白
919,0,0.000000,11 3,jb
920,0,0.000000,11 4,jc
921,0,0.000000,11 5,jd
922,0,0.000000,11 7,jf
923,0,0.000000,11 8,jg
924,0,0.000000,11 9,jh
925,0,0.000000,11 11,jj
926,0,0.000000,11 12,jk
927,0,0.000000,11 13,jl
928,0,0.000000,11 14,jm
929,0,0.000000,11 15,jn
930,0,0.000000,11 17,jp
931,0,0.000000,11 18,jq
932,0,0.000000,11 19,jr
933,0,0.000000,11 20,js
934,0,0.000000,11 21,jt
935,0,0.000000,11 23,jv
936,0,0.000000,11 24,jw
937,0,0.000000,11 25,jx
938,0,0.000000,11 26,jy
939,0,0.000000,11 27,jz
940,0,0.000000,11 29,jç
941,0,0.000000,11 30,jè
942,0,0.000000,11 32,jê
943,0,0.000000,11 34,jâ
944,0,0.000000,11 35,jë
945,0,0.000000,11 36,jî
946,0,0.000000,11 37,jï
947,0,0.000000,11 38,jù
948,0,0.000000,11 39,jû
949,0,0.000000,11 40,jœ
950,0,0.000000,12 3,kb
951,0,0.000000,12 4,kc
952,0,0.000000,12 5,kd
953,0,0.000000,12 7,kf
954,0,0.000000,12 8,kg
955,0,0.000000,12 9,kh
956,0,0.000000,12 11,kj
957,0,0.000000,12 12,kk
958,0,0.000000,12 14,km
959,0,0.000000,12 17,kp
960,0,0.000000,12 18,kq
961,0,0.000000,12 23,kv
962,0,0.000000,12 24,kw
963,0,0.000000,12 25,kx
964,0,0.000000,12 27,kz
965,0,0.000000,12 28,kà
966,0,0.000000,12 29,kç
967,0,0.000000,12 30,kè
968,0,0.000000,12 31,ké
969,0,0.000000,12 32,kê
970,0,0.000000,12 33,kô
971,0,0.000000,12 34,kâ
972,0,0.000000,12 35,kë
973,0,0.000000,12 36,kî
974,0,0.000000,12 37,kï
975,0,0.000000,12 38,kù
976,0,0.000000,12 39,kû
977,0,0.000000,12 40,kœ
978,0,0.000000,13 0,l改行
979,0,0.000000,13 11,lj
980,0,0.000000,13 15,ln
981,0,0.000000,13 25,lx
982,0,0.000000,13 27,lz
983,0,0.000000,13 29,lç
984,0,0.000000,13 35,lë
985,0,0.000000,13 36,lî
986,0,0.000000,13 37,lï
987,0,0.000000,13 38,lù
988,0,0.000000,14 5,md
989,0,0.000000,14 7,mf
990,0,0.000000,14 8,mg
991,0,0.000000,14 9,mh
992,0,0.000000,14 11,mj
993,0,0.000000,14 12,mk
994,0,0.000000,14 18,mq
995,0,0.000000,14 19,mr
996,0,0.000000,14 21,mt
997,0,0.000000,14 23,mv
998,0,0.000000,14 25,mx
999,0,0.000000,14 27,mz
1000,0,0.000000,14 28,mà
1001,0,0.000000,14 29,mç
1002,0,0.000000,14 35,më
1003,0,0.000000,14 37,mï
1004,0,0.000000,14 38,mù
1005,0,0.000000,14 40,mœ
1006,0,0.000000,15 28,nà
1007,0,0.000000,15 35,në
1008,0,0.000000,15 37,nï
1009,0,0.000000,15 38,nù
1010,0,0.000000,15 39,nû
1011,0,0.000000,16 28,oà
1012,0,0.000000,16 29,oç
1013,0,0.000000,16 33,oô
1014,0,0.000000,16 34,oâ
1015,0,0.000000,16 40,oœ
1016,0,0.000000,17 0,p改行
1017,0,0.000000,17 4,pc
1018,0,0.000000,17 5,pd
1019,0,0.000000,17 7,pf
1020,0,0.000000,17 8,pg
1021,0,0.000000,17 11,pj
1022,0,0.000000,17 12,pk
1023,0,0.000000,17 14,pm
1024,0,0.000000,17 18,pq
1025,0,0.000000,17 23,pv
1026,0,0.000000,17 24,pw
1027,0,0.000000,17 25,px
1028,0,0.000000,17 27,pz
1029,0,0.000000,17 28,pà
1030,0,0.000000,17 35,pë
1031,0,0.000000,17 37,pï
1032,0,0.000000,17 38,pù
1033,0,0.000000,17 40,pœ
1034,0,0.000000,18 2,qa
1035,0,0.000000,18 3,qb
1036,0,0.000000,18 4,qc
1037,0,0.000000,18 5,qd
1038,0,0.000000,18 6,qe
1039,0,0.000000,18 7,qf
1040,0,0.000000,18 8,qg
1041,0,0.000000,18 9,qh
1042,0,0.000000,18 10,qi
1043,0,0.000000,18 11,qj
1044,0,0.000000,18 12,qk
1045,0,0.000000,18 13,ql
1046,0,0.000000,18 14,qm
1047,0,0.000000,18 15,qn
1048,0,0.000000,18 16,qo
1049,0,0.000000,18 17,qp
1050,0,0.000000,18 18,qq
1051,0,0.000000,18 19,qr
1052,0,0.000000,18 20,qs
1053,0,0.000000,18 21,qt
1054,0,0.000000,18 23,qv
1055,0,0.000000,18 24,qw
1056,0,0.000000,18 25,qx
1057,0,0.000000,18 26,qy
1058,0,0.000000,18 27,qz
1059,0,0.000000,18 28,qà
1060,0,0.000000,18 29,qç
1061,0,0.000000,18 30,qè
1062,0,0.000000,18 31,qé
1063,0,0.000000,18 32,qê
1064,0,0.000000,18 33,qô
1065,0,0.000000,18 34,qâ
1066,0,0.000000,18 35,që
1067,0,0.000000,18 36,qî
1068,0,0.000000,18 37,qï
1069,0,0.000000,18 38,qù
1070,0,0.000000,18 40,qœ
1071,0,0.000000,19 11,rj
1072,0,0.000000,19 25,rx
1073,0,0.000000,19 28,rà
1074,0,0.000000,19 35,rë
1075,0,0.000000,19 37,rï
1076,0,0.000000,19 38,rù
1077,0,0.000000,19 40,rœ
1078,0,0.000000,20 8,sg
1079,0,0.000000,20 11,sj
1080,0,0.000000,20 15,sn
1081,0,0.000000,20 19,sr
1082,0,0.000000,20 25,sx
1083,0,0.000000,20 27,sz
1084,0,0.000000,20 28,sà
1085,0,0.000000,20 32,sê
1086,0,0.000000,20 33,sô
1087,0,0.000000,20 35,së
1088,0,0.000000,20 36,sî
1089,0,0.000000,20 37,sï
1090,0,0.000000,20 38,sù
1091,0,0.000000,21 5,td
1092,0,0.000000,21 7,tf
1093,0,0.000000,21 8,tg
1094,0,0.000000,21 11,tj
1095,0,0.000000,21 15,tn
1096,0,0.000000,21 17,tp
1097,0,0.000000,21 18,tq
1098,0,0.000000,21 23,tv
1099,0,0.000000,21 25,tx
1100,0,0.000000,21 28,tà
1101,0,0.000000,21 29,tç
1102,0,0.000000,21 35,të
1103,0,0.000000,21 37,tï
1104,0,0.000000,21 38,tù
1105,0,0.000000,21 39,tû
1106,0,0.000000,21 40,tœ
1107,0,0.000000,22 22,uu
1108,0,0.000000,22 24,uw
1109,0,0.000000,22 28,uà
1110,0,0.000000,22 33,uô
1111,0,0.000000,22 38,uù
1112,0,0.000000,22 39,uû
1113,0,0.000000,22 40,uœ
1114,0,0.000000,23 3,vb
1115,0,0.000000,23 4,vc
1116,0,0.000000,23 5,vd
1117,0,0.000000,23 7,vf
1118,0,0.000000,23 8,vg
1119,0,0.000000,23 9,vh
1120,0,0.000000,23 11,vj
1121,0,0.000000,23 12,vk
1122,0,0.000000,23 13,vl
1123,0,0.000000,23 14,vm
1124,0,0.000000,23 15,vn
1125,0,0.000000,23 17,vp
1126,0,0.000000,23 18,vq
1127,0,0.000000,23 20,vs
1128,0,0.000000,23 21,vt
1129,0,0.000000,23 23,vv
1130,0,0.000000,23 24,vw
1131,0,0.000000,23 25,vx
1132,0,0.000000,23 26,vy
1133,0,0.000000,23 27,vz
1134,0,0.000000,23 28,và
1135,0,0.000000,23 29,vç
1136,0,0.000000,23 35,vë
1137,0,0.000000,23 37,vï
1138,0,0.000000,23 38,vù
1139,0,0.000000,23 39,vû
1140,0,0.000000,24 3,wb
1141,0,0.000000,24 4,wc
1142,0,0.000000,24 5,wd
1143,0,0.000000,24 7,wf
1144,0,0.000000,24 8,wg
1145,0,0.000000,24 11,wj
1146,0,0.000000,24 12,wk
1147,0,0.000000,24 14,wm
1148,0,0.000000,24 17,wp
1149,0,0.000000,24 18,wq
1150,0,0.000000,24 19,wr
1151,0,0.000000,24 21,wt
1152,0,0.000000,24 22,wu
1153,0,0.000000,24 23,wv
1154,0,0.000000,24 24,ww
1155,0,0.000000,24 25,wx
1156,0,0.000000,24 26,wy
1157,0,0.000000,24 27,wz
1158,0,0.000000,24 28,wà
1159,0,0.000000,24 29,wç
1160,0,0.000000,24 30,wè
1161,0,0.000000,24 32,wê
1162,0,0.000000,24 33,wô
1163,0,0.000000,24 34,wâ
1164,0,0.000000,24 35,wë
1165,0,0.000000,24 36,wî
1166,0,0.000000,24 37,wï
1167,0,0.000000,24 38,wù
1168,0,0.000000,24 39,wû
1169,0,0.000000,24 40,wœ
1170,0,0.000000,25 3,xb
1171,0,0.000000,25 5,xd
1172,0,0.000000,25 7,xf
1173,0,0.000000,25 8,xg
1174,0,0.000000,25 11,xj
1175,0,0.000000,25 12,xk
1176,0,0.000000,25 13,xl
1177,0,0.000000,25 14,xm
1178,0,0.000000,25 15,xn
1179,0,0.000000,25 19,xr
1180,0,0.000000,25 20,xs
1181,0,0.000000,25 24,xw
1182,0,0.000000,25 27,xz
1183,0,0.000000,25 28,xà
1184,0,0.000000,25 29,xç
1185,0,0.000000,25 30,xè
1186,0,0.000000,25 32,xê
1187,0,0.000000,25 33,xô
1188,0,0.000000,25 34,xâ
1189,0,0.000000,25 35,xë
1190,0,0.000000,25 36,xî
1191,0,0.000000,25 37,xï
1192,0,0.000000,25 38,xù
1193,0,0.000000,25 39,xû
1194,0,0.000000,25 40,xœ
1195,0,0.000000,26 0,y改行
1196,0,0.000000,26 3,yb
1197,0,0.000000,26 7,yf
1198,0,0.000000,26 9,yh
1199,0,0.000000,26 12,yk
1200,0,0.000000,26 18,yq
1201,0,0.000000,26 25,yx
1202,0,0.000000,26 26,yy
1203,0,0.000000,26 27,yz
1204,0,0.000000,26 28,yà
1205,0,0.000000,26 29,yç
1206,0,0.000000,26 32,yê
1207,0,0.000000,26 33,yô
1208,0,0.000000,26 35,yë
1209,0,0.000000,26 36,yî
1210,0,0.000000,26 37,yï
1211,0,0.000000,26 38,yù
1212,0,0.000000,26 39,yû
1213,0,0.000000,26 40,yœ
1214,0,0.000000,27 3,zb
1215,0,0.000000,27 4,zc
1216,0,0.000000,27 5,zd
1217,0,0.000000,27 7,zf
1218,0,0.000000,27 8,zg
1219,0,0.000000,27 9,zh
1220,0,0.000000,27 11,zj
1221,0,0.000000,27 12,zk
1222,0,0.000000,27 13,zl
1223,0,0.000000,27 14,zm
1224,0,0.000000,27 15,zn
1225,0,0.000000,27 17,zp
1226,0,0.000000,27 18,zq
1227,0,0.000000,27 19,zr
1228,0,0.000000,27 20,zs
1229,0,0.000000,27 21,zt
1230,0,0.000000,27 23,zv
1231,0,0.000000,27 24,zw
1232,0,0.000000,27 25,zx
1233,0,0.000000,27 26,zy
1234,0,0.000000,27 28,zà
1235,0,0.000000,27 29,zç
1236,0,0.000000,27 30,zè
1237,0,0.000000,27 32,zê
1238,0,0.000000,27 33,zô
1239,0,0.000000,27 34,zâ
1240,0,0.000000,27 35,zë
1241,0,0.000000,27 36,zî
1242,0,0.000000,27 37,zï
1243,0,0.000000,27 38,zù
1244,0,0.000000,27 39,zû
1245,0,0.000000,27 40,zœ
1246,0,0.000000,28 2,àa
1247,0,0.000000,28 3,àb
1248,0,0.000000,28 4,àc
1249,0,0.000000,28 5,àd
1250,0,0.000000,28 6,àe
1251,0,0.000000,28 7,àf
1252,0,0.000000,28 8,àg
1253,0,0.000000,28 9,àh
1254,0,0.000000,28 10,ài
1255,0,0.000000,28 11,àj
1256,0,0.000000,28 12,àk
1257,0,0.000000,28 13,àl
1258,0,0.000000,28 14,àm
1259,0,0.000000,28 15,àn
1260,0,0.000000,28 16,ào
1261,0,0.000000,28 17,àp
1262,0,0.000000,28 18,àq
1263,0,0.000000,28 19,àr
1264,0,0.000000,28 20,às
1265,0,0.000000,28 21,àt
1266,0,0.000000,28 22,àu
1267,0,0.000000,28 23,àv
1268,0,0.000000,28 24,àw
1269,0,0.000000,28 25,àx
1270,0,0.000000,28 26,ày
1271,0,0.000000,28 27,àz
1272,0,0.000000,28 28,àà
1273,0,0.000000,28 29,àç
1274,0,0.000000,28 30,àè
1275,0,0.000000,28 31,àé
1276,0,0.000000,28 32,àê
1277,0,0.000000,28 33,àô
1278,0,0.000000,28 34,àâ
1279,0,0.000000,28 35,àë
1280,0,0.000000,28 36,àî
1281,0,0.000000,28 37,àï
1282,0,0.000000,28 38,àù
1283,0,0.000000,28 39,àû
1284,0,0.000000,28 40,àœ
1285,0,0.000000,29 0,ç改行
1286,0,0.000000,29 1,ç空白
1287,0,0.000000,29 3,çb
1288,0,0.000000,29 4,çc
1289,0,0.000000,29 5,çd
1290,0,0.000000,29 6,çe
1291,0,0.000000,29 7,çf
1292,0,0.000000,29 8,çg
1293,0,0.000000,29 9,çh
1294,0,0.000000,29 10,çi
1295,0,0.000000,29 11,çj
1296,0,0.000000,29 12,çk
1297,0,0.000000,29 13,çl
1298,0,0.000000,29 14,çm
1299,0,0.000000,29 15,çn
1300,0,0.000000,29 17,çp
1301,0,0.000000,29 18,çq
1302,0,0.000000,29 19,çr
1303,0,0.000000,29 20,çs
1304,0,0.000000,29 21,çt
1305,0,0.000000,29 23,çv
1306,0,0.000000,29 24,çw
1307,0,0.000000,29 25,çx
1308,0,0.000000,29 26,çy
1309,0,0.000000,29 27,çz
1310,0,0.000000,29 29,çç
1311,0,0.000000,29 30,çè
1312,0,0.000000,29 31,çé
1313,0,0.000000,29 32,çê
1314,0,0.000000,29 33,çô
1315,0,0.000000,29 35,çë
1316,0,0.000000,29 36,çî
1317,0,0.000000,29 37,çï
1318,0,0.000000,29 38,çù
1319,0,0.000000,29 40,çœ
1320,0,0.000000,30 1,è空白
1321,0,0.000000,30 2,èa
1322,0,0.000000,30 6,èe
1323,0,0.000000,30 9,èh
1324,0,0.000000,30 10,èi
1325,0,0.000000,30 11,èj
1326,0,0.000000,30 12,èk
1327,0,0.000000,30 16,èo
1328,0,0.000000,30 17,èp
1329,0,0.000000,30 22,èu
1330,0,0.000000,30 24,èw
1331,0,0.000000,30 25,èx
1332,0,0.000000,30 26,èy
1333,0,0.000000,30 27,èz
1334,0,0.000000,30 28,èà
1335,0,0.000000,30 29,èç
1336,0,0.000000,30 30,èè
1337,0,0.000000,30 31,èé
1338,0,0.000000,30 32,èê
1339,0,0.000000,30 33,èô
1340,0,0.000000,30 34,èâ
1341,0,0.000000,30 35,èë
1342,0,0.000000,30 36,èî
1343,0,0.000000,30 37,èï
1344,0,0.000000,30 38,èù
1345,0,0.000000,30 39,èû
1346,0,0.000000,30 40,èœ
1347,0,0.000000,31 12,ék
1348,0,0.000000,31 24,éw
1349,0,0.000000,31 25,éx
1350,0,0.000000,31 26,éy
1351,0,0.000000,31 28,éà
1352,0,0.000000,31 30,éè
1353,0,0.000000,31 32,éê
1354,0,0.000000,31 33,éô
1355,0,0.000000,31 35,éë
1356,0,0.000000,31 36,éî
1357,0,0.000000,31 37,éï
1358,0,0.000000,31 38,éù
1359,0,0.000000,31 39,éû
1360,0,0.000000,31 40,éœ
1361,0,0.000000,32 0,ê改行
1362,0,0.000000,32 1,ê空白
1363,0,0.000000,32 2,êa
1364,0,0.000000,32 3,êb
1365,0,0.000000,32 5,êd
1366,0,0.000000,32 6,êe
1367,0,0.000000,32 7,êf
1368,0,0.000000,32 8,êg
1369,0,0.000000,32 9,êh
1370,0,0.000000,32 10,êi
1371,0,0.000000,32 11,êj
1372,0,0.000000,32 12,êk
1373,0,0.000000,32 16,êo
1374,0,0.000000,32 19,êr
1375,0,0.000000,32 20,ês
1376,0,0.000000,32 22,êu
1377,0,0.000000,32 24,êw
1378,0,0.000000,32 25,êx
1379,0,0.000000,32 26,êy
1380,0,0.000000,32 27,êz
1381,0,0.000000,32 28,êà
1382,0,0.000000,32 29,êç
1383,0,0.000000,32 30,êè
1384,0,0.000000,32 31,êé
1385,0,0.000000,32 32,êê
1386,0,0.000000,32 33,êô
1387,0,0.000000,32 34,êâ
1388,0,0.000000,32 35,êë
1389,0,0.000000,32 36,êî
1390,0,0.000000,32 37,êï
1391,0,0.000000,32 38,êù
1392,0,0.000000,32 39,êû
1393,0,0.000000,32 40,êœ
1394,0,0.000000,33 0,ô改行
1395,0,0.000000,33 2,ôa
1396,0,0.000000,33 3,ôb
1397,0,0.000000,33 4,ôc
1398,0,0.000000,33 5,ôd
1399,0,0.000000,33 6,ôe
1400,0,0.000000,33 7,ôf
1401,0,0.000000,33 8,ôg
1402,0,0.000000,33 9,ôh
1403,0,0.000000,33 10,ôi
1404,0,0.000000,33 11,ôj
1405,0,0.000000,33 12,ôk
1406,0,0.000000,33 16,ôo
1407,0,0.000000,33 18,ôq
1408,0,0.000000,33 19,ôr
1409,0,0.000000,33 20,ôs
1410,0,0.000000,33 22,ôu
1411,0,0.000000,33 23,ôv
1412,0,0.000000,33 24,ôw
1413,0,0.000000,33 25,ôx
1414,0,0.000000,33 26,ôy
1415,0,0.000000,33 27,ôz
1416,0,0.000000,33 28,ôà
1417,0,0.000000,33 29,ôç
1418,0,0.000000,33 30,ôè
1419,0,0.000000,33 31,ôé
1420,0,0.000000,33 32,ôê
1421,0,0.000000,33 33,ôô
1422,0,0.000000,33 34,ôâ
1423,0,0.000000,33 35,ôë
1424,0,0.000000,33 36,ôî
1425,0,0.000000,33 37,ôï
1426,0,0.000000,33 38,ôù
1427,0,0.000000,33 39,ôû
1428,0,0.000000,33 40,ôœ
1429,0,0.000000,34 0,â改行
1430,0,0.000000,34 1,â空白
1431,0,0.000000,34 2,âa
1432,0,0.000000,34 5,âd
1433,0,0.000000,34 6,âe
1434,0,0.000000,34 7,âf
1435,0,0.000000,34 9,âh
1436,0,0.000000,34 11,âj
1437,0,0.000000,34 12,âk
1438,0,0.000000,34 16,âo
1439,0,0.000000,34 18,âq
1440,0,0.000000,34 19,âr
1441,0,0.000000,34 22,âu
1442,0,0.000000,34 23,âv
1443,0,0.000000,34 24,âw
1444,0,0.000000,34 25,âx
1445,0,0.000000,34 26,ây
1446,0,0.000000,34 27,âz
1447,0,0.000000,34 28,âà
1448,0,0.000000,34 29,âç
1449,0,0.000000,34 30,âè
1450,0,0.000000,34 31,âé
1451,0,0.000000,34 32,âê
1452,0,0.000000,34 33,âô
1453,0,0.000000,34 34,ââ
1454,0,0.000000,34 35,âë
1455,0,0.000000,34 36,âî
1456,0,0.000000,34 37,âï
1457,0,0.000000,34 38,âù
1458,0,0.000000,34 39,âû
1459,0,0.000000,34 40,âœ
1460,0,0.000000,35 0,ë改行
1461,0,0.000000,35 2,ëa
1462,0,0.000000,35 3,ëb
1463,0,0.000000,35 4,ëc
1464,0,0.000000,35 5,ëd
1465,0,0.000000,35 6,ëe
1466,0,0.000000,35 7,ëf
1467,0,0.000000,35 8,ëg
1468,0,0.000000,35 9,ëh
1469,0,0.000000,35 10,ëi
1470,0,0.000000,35 11,ëj
1471,0,0.000000,35 12,ëk
1472,0,0.000000,35 14,ëm
1473,0,0.000000,35 15,ën
1474,0,0.000000,35 16,ëo
1475,0,0.000000,35 17,ëp
1476,0,0.000000,35 18,ëq
1477,0,0.000000,35 19,ër
1478,0,0.000000,35 22,ëu
1479,0,0.000000,35 23,ëv
1480,0,0.000000,35 24,ëw
1481,0,0.000000,35 25,ëx
1482,0,0.000000,35 26,ëy
1483,0,0.000000,35 27,ëz
1484,0,0.000000,35 28,ëà
1485,0,0.000000,35 29,ëç
1486,0,0.000000,35 30,ëè
1487,0,0.000000,35 31,ëé
1488,0,0.000000,35 32,ëê
1489,0,0.000000,35 33,ëô
1490,0,0.000000,35 34,ëâ
1491,0,0.000000,35 35,ëë
1492,0,0.000000,35 36,ëî
1493,0,0.000000,35 37,ëï
1494,0,0.000000,35 38,ëù
1495,0,0.000000,35 39,ëû
1496,0,0.000000,35 40,ëœ
1497,0,0.000000,36 0,î改行
1498,0,0.000000,36 1,î空白
1499,0,0.000000,36 2,îa
1500,0,0.000000,36 3,îb
1501,0,0.000000,36 5,îd
1502,0,0.000000,36 6,îe
1503,0,0.000000,36 7,îf
1504,0,0.000000,36 8,îg
1505,0,0.000000,36 9,îh
1506,0,0.000000,36 10,îi
1507,0,0.000000,36 11,îj
1508,0,0.000000,36 12,îk
1509,0,0.000000,36 16,îo
1510,0,0.000000,36 17,îp
1511,0,0.000000,36 18,îq
1512,0,0.000000,36 19,îr
1513,0,0.000000,36 20,îs
1514,0,0.000000,36 22,îu
1515,0,0.000000,36 23,îv
1516,0,0.000000,36 24,îw
1517,0,0.000000,36 25,îx
1518,0,0.000000,36 26,îy
1519,0,0.000000,36 27,îz
1520,0,0.000000,36 28,îà
1521,0,0.000000,36 29,îç
1522,0,0.000000,36 30,îè
1523,0,0.000000,36 31,îé
1524,0,0.000000,36 32,îê
1525,0,0.000000,36 33,îô
1526,0,0.000000,36 34,îâ
1527,0,0.000000,36 35,îë
1528,0,0.000000,36 36,îî
1529,0,0.000000,36 37,îï
1530,0,0.000000,36 38,îù
1531,0,0.000000,36 39,îû
1532,0,0.000000,36 40,îœ
1533,0,0.000000,37 0,ï改行
1534,0,0.000000,37 2,ïa
1535,0,0.000000,37 3,ïb
1536,0,0.000000,37 4,ïc
1537,0,0.000000,37 5,ïd
1538,0,0.000000,37 8,ïg
1539,0,0.000000,37 9,ïh
1540,0,0.000000,37 10,ïi
1541,0,0.000000,37 11,ïj
1542,0,0.000000,37 12,ïk
1543,0,0.000000,37 13,ïl
1544,0,0.000000,37 14,ïm
1545,0,0.000000,37 16,ïo
1546,0,0.000000,37 17,ïp
1547,0,0.000000,37 19,ïr
1548,0,0.000000,37 21,ït
1549,0,0.000000,37 22,ïu
1550,0,0.000000,37 23,ïv
1551,0,0.000000,37 24,ïw
1552,0,0.000000,37 25,ïx
1553,0,0.000000,37 26,ïy
1554,0,0.000000,37 27,ïz
1555,0,0.000000,37 28,ïà
1556,0,0.000000,37 29,ïç
1557,0,0.000000,37 30,ïè
1558,0,0.000000,37 31,ïé
1559,0,0.000000,37 32,ïê
1560,0,0.000000,37 33,ïô
1561,0,0.000000,37 34,ïâ
1562,0,0.000000,37 35,ïë
1563,0,0.000000,37 36,ïî
1564,0,0.000000,37 37,ïï
1565,0,0.000000,37 38,ïù
1566,0,0.000000,37 39,ïû
1567,0,0.000000,37 40,ïœ
1568,0,0.000000,38 0,ù改行
1569,0,0.000000,38 2,ùa
1570,0,0.000000,38 3,ùb
1571,0,0.000000,38 4,ùc
1572,0,0.000000,38 5,ùd
1573,0,0.000000,38 6,ùe
1574,0,0.000000,38 7,ùf
1575,0,0.000000,38 8,ùg
1576,0,0.000000,38 9,ùh
1577,0,0.000000,38 10,ùi
1578,0,0.000000,38 11,ùj
1579,0,0.000000,38 12,ùk
1580,0,0.000000,38 13,ùl
1581,0,0.000000,38 14,ùm
1582,0,0.000000,38 15,ùn
1583,0,0.000000,38 16,ùo
1584,0,0.000000,38 17,ùp
1585,0,0.000000,38 18,ùq
1586,0,0.000000,38 19,ùr
1587,0,0.000000,38 20,ùs
1588,0,0.000000,38 21,ùt
1589,0,0.000000,38 22,ùu
1590,0,0.000000,38 23,ùv
1591,0,0.000000,38 24,ùw
1592,0,0.000000,38 25,ùx
1593,0,0.000000,38 26,ùy
1594,0,0.000000,38 27,ùz
1595,0,0.000000,38 28,ùà
1596,0,0.000000,38 29,ùç
1597,0,0.000000,38 30,ùè
1598,0,0.000000,38 31,ùé
1599,0,0.000000,38 32,ùê
1600,0,0.000000,38 33,ùô
1601,0,0.000000,38 34,ùâ
1602,0,0.000000,38 35,ùë
1603,0,0.000000,38 36,ùî
1604,0,0.000000,38 37,ùï
1605,0,0.000000,38 38,ùù
1606,0,0.000000,38 39,ùû
1607,0,0.000000,38 40,ùœ
1608,0,0.000000,39 0,û改行
1609,0,0.000000,39 2,ûa
1610,0,0.000000,39 3,ûb
1611,0,0.000000,39 5,ûd
1612,0,0.000000,39 6,ûe
1613,0,0.000000,39 7,ûf
1614,0,0.000000,39 8,ûg
1615,0,0.000000,39 9,ûh
1616,0,0.000000,39 10,ûi
1617,0,0.000000,39 11,ûj
1618,0,0.000000,39 12,ûk
1619,0,0.000000,39 16,ûo
1620,0,0.000000,39 17,ûp
1621,0,0.000000,39 18,ûq
1622,0,0.000000,39 20,ûs
1623,0,0.000000,39 22,ûu
1624,0,0.000000,39 23,ûv
1625,0,0.000000,39 24,ûw
1626,0,0.000000,39 25,ûx
1627,0,0.000000,39 26,ûy
1628,0,0.000000,39 27,ûz
1629,0,0.000000,39 28,ûà
1630,0,0.000000,39 29,ûç
1631,0,0.000000,39 30,ûè
1632,0,0.000000,39 31,ûé
1633,0,0.000000,39 32,ûê
1634,0,0.000000,39 33,ûô
1635,0,0.000000,39 34,ûâ
1636,0,0.000000,39 35,ûë
1637,0,0.000000,39 36,ûî
1638,0,0.000000,39 37,ûï
1639,0,0.000000,39 38,ûù
1640,0,0.000000,39 39,ûû
1641,0,0.000000,39 40,ûœ
1642,0,0.000000,40 0,œ改行
1643,0,0.000000,40 1,œ空白
1644,0,0.000000,40 2,œa
1645,0,0.000000,40 3,œb
1646,0,0.000000,40 4,œc
1647,0,0.000000,40 5,œd
1648,0,0.000000,40 6,œe
1649,0,0.000000,40 7,œf
1650,0,0.000000,40 8,œg
1651,0,0.000000,40 9,œh
1652,0,0.000000,40 11,œj
1653,0,0.000000,40 12,œk
1654,0,0.000000,40 13,œl
1655,0,0.000000,40 14,œm
1656,0,0.000000,40 15,œn
1657,0,0.000000,40 16,œo
1658,0,0.000000,40 17,œp
1659,0,0.000000,40 18,œq
1660,0,0.000000,40 19,œr
1661,0,0.000000,40 20,œs
1662,0,0.000000,40 21,œt
1663,0,0.000000,40 23,œv
1664,0,0.000000,40 24,œw
1665,0,0.000000,40 25,œx
1666,0,0.000000,40 26,œy
1667,0,0.000000,40 27,œz
1668,0,0.000000,40 28,œà
1669,0,0.000000,40 29,œç
1670,0,0.000000,40 30,œè
1671,0,0.000000,40 31,œé
1672,0,0.000000,40 32,œê
1673,0,0.000000,40 33,œô
1674,0,0.000000,40 34,œâ
1675,0,0.000000,40 35,œë
1676,0,0.000000,40 36,œî
1677,0,0.000000,40 37,œï
1678,0,0.000000,40 38,œù
1679,0,0.000000,40 39,œû
1680,0,0.000000,40 40,œœ
