順位,登場回数,登場率,文字番号,文字
0,201465,0.169213,1,空白
1,135003,0.113391,32,e
2,77135,0.064787,28,a
3,70169,0.058936,46,s
4,66196,0.055599,47,t
5,65465,0.054985,36,i
6,61396,0.051567,41,n
7,57588,0.048369,45,r
8,57231,0.048069,48,u
9,55962,0.047003,39,l
10,45329,0.038072,42,o
11,31715,0.026638,31,d
12,24508,0.020585,40,m
13,24377,0.020475,43,p
14,23705,0.019910,30,c
15,16136,0.013553,49,v
16,14964,0.012568,95,é
17,12174,0.010225,120,’
18,10060,0.008450,34,g
19,9962,0.008367,44,q
20,9202,0.007729,35,h
21,8957,0.007523,33,f
22,8403,0.007058,29,b
23,4237,0.003559,37,j
24,4183,0.003513,86,à
25,3827,0.003214,0,改行
26,3595,0.003019,51,x
27,3407,0.002862,52,y
28,3260,0.002738,94,è
29,2133,0.001792,13,L
30,2069,0.001738,96,ê
31,1921,0.001613,53,z
32,1863,0.001565,5,D
33,1828,0.001535,10,I
34,1660,0.001394,6,E
35,1489,0.001251,4,C
36,1171,0.000984,14,M
37,1071,0.000900,11,J
38,969,0.000814,8,G
39,880,0.000739,17,P
40,824,0.000692,20,S
41,732,0.000615,2,A
42,724,0.000608,3,B
43,696,0.000585,93,ç
44,673,0.000565,21,T
45,617,0.000518,23,V
46,538,0.000452,16,O
47,521,0.000438,88,â
48,500,0.000420,106,ô
49,480,0.000403,38,k
50,454,0.000381,15,N
51,431,0.000362,100,î
52,427,0.000359,113,û
53,426,0.000358,18,Q
54,414,0.000348,111,ù
55,364,0.000306,9,H
56,360,0.000302,27,Z
57,345,0.000290,22,U
58,299,0.000251,19,R
59,260,0.000218,50,w
60,257,0.000216,119,œ
61,234,0.000197,7,F
62,171,0.000144,54,À
63,163,0.000137,12,K
64,159,0.000134,63,É
65,100,0.000084,24,W
66,79,0.000066,26,Y
67,55,0.000046,61,Ç
68,51,0.000043,25,X
69,26,0.000022,101,ï
70,24,0.000020,97,ë
71,5,0.000004,64,Ê
72,4,0.000003,74,Ô
73,2,0.000002,62,È
74,1,0.000001,118,Œ
75,0,0.000000,55,Á
76,0,0.000000,56,Â
77,0,0.000000,57,Ã
78,0,0.000000,58,Ä
79,0,0.000000,59,Å
80,0,0.000000,60,Æ
81,0,0.000000,65,Ë
82,0,0.000000,66,Ì
83,0,0.000000,67,Í
84,0,0.000000,68,Î
85,0,0.000000,69,Ï
86,0,0.000000,70,Ð
87,0,0.000000,71,Ñ
88,0,0.000000,72,Ò
89,0,0.000000,73,Ó
90,0,0.000000,75,Õ
91,0,0.000000,76,Ö
92,0,0.000000,77,×
93,0,0.000000,78,Ø
94,0,0.000000,79,Ù
95,0,0.000000,80,Ú
96,0,0.000000,81,Û
97,0,0.000000,82,Ü
98,0,0.000000,83,Ý
99,0,0.000000,84,Þ
100,0,0.000000,85,ß
101,0,0.000000,87,á
102,0,0.000000,89,ã
103,0,0.000000,90,ä
104,0,0.000000,91,å
105,0,0.000000,92,æ
106,0,0.000000,98,ì
107,0,0.000000,99,í
108,0,0.000000,102,ð
109,0,0.000000,103,ñ
110,0,0.000000,104,ò
111,0,0.000000,105,ó
112,0,0.000000,107,õ
113,0,0.000000,108,ö
114,0,0.000000,109,÷
115,0,0.000000,110,ø
116,0,0.000000,112,ú
117,0,0.000000,114,ü
118,0,0.000000,115,ý
119,0,0.000000,116,þ
120,0,0.000000,117,ÿ
